"t0" <- 0.0
"T" <- 10
"u0" <- structure(c(0.1,0,0
), .Dim=c(3))
"u" <- structure(c(0.11868490842870066,16.22780763764884,-7.67004866190414,-7.693783485219776,-9.396234036775175,-8.616230423834782,-7.333493919820151,-8.906564318454242,-9.334261413632168,-7.295411398589451,0.25946015179582854,27.565359271392154,-9.028167547207206,-7.039359371539094,-8.826365537816374,-9.717837535151194,-7.212945615323706,-7.740813361968657,-10.308464533849548,-7.84736635659536,0.019256734381176085,23.90944169846451,25.458594900646812,26.909419226351663,28.8263106111432,25.663683731522674,25.726873666262577,28.983124865984525,26.742710294586875,24.744132150171772
), .Dim=c(10, 3))
"ts" <- structure(c(0.1,0.5333333333333333,0.9666666666666667,1.4,1.8333333333333333,2.2666666666666666,2.7,3.1333333333333333,3.566666666666667,4
), .Dim=c(10))
