t0 <- 0.0
T <- 10
u0 <- c(1.0, 1.0)
internal_var___u <- structure(c(2.880988107726725, 6.801864273287697, 0.35533581580521834, 1.8404928226381638, 6.535036450097049, 1.6838193812277973, 0.5742363859836237, 4.08722927221526, 3.2461362949202095, 1.6316068137347066, -0.06258137868434915, 2.557645149840943, 1.6355272650657418, 0.09443691810747243, 1.0956041278205297, 3.418622479520458, -0.7001534844688809, 0.3208336411811641, 5.836619105447465, 1.3667770247254982), .Dim = c(10, 2))
ts <- c(1.0, 2.0, 3.0, 4.0, 5.0, 6.0, 7.0, 8.0, 9.0, 10.0)
