"t0" <- 0.0
"T" <- 10
"u0" <- structure(c(1,1
), .Dim=c(2))
"internal_var___u" <- structure(c(2.773784459501191,6.755643485477796,0.961383591739057,1.8815170720614236,6.1179217509823465,1.4010607060221385,1.3412935088904687,4.362247687591539,3.2541199280583366,1.0397894251592905,0.2723168826938545,2.004405698388776,1.9006879869847666,0.33388915533555996,0.6397159277582204,3.4411554974951803,0.5054029983346158,0.32028450621185595,4.537174797239069,0.9065433213963315
), .Dim=c(10, 2))
"ts" <- structure(c(1,2,3,4,5,6,7,8,9,10
), .Dim=c(10))
