"t0" <- 0.0
"T" <- 10
"u0" <- structure(c(1,1
), .Dim=c(2))
"internal_var___u" <- structure(c(2.7727020103860087,6.7729672737428075,0.9765758041557709,1.8912151758214457,6.108738201122951,1.3953049293436965,1.325755823586915,4.37203443716977,3.253981696750597,1.0290015793499054,0.265871040212096,2.0105199218613525,1.9135111781955156,0.3141075547871665,0.6306551515100097,3.4678601320838984,0.5150655768966088,0.3068450044840956,4.5573437546314235,0.9002839360643166
), .Dim=c(10, 2))
"ts" <- structure(c(1,2,3,4,5,6,7,8,9,10
), .Dim=c(10))
