"t0" <- 0.0
"T" <- 10
"u0" <- structure(c(1,1
), .Dim=c(2))
"internal_var___u" <- structure(c(2.7667251588511714,6.774097588121302,0.9778850288190313,1.8771938750608377,6.107577063987078,1.4116257572389364,1.339477593990831,4.378565814299387,3.256211544689314,1.027002798668037,0.2486255434118992,2.012033282670184,1.914134755032901,0.2941559065164955,0.6280595223414478,3.4708774320060556,0.5235722357800414,0.3082740236172244,4.574046626488933,0.9179699311899698
), .Dim=c(10, 2))
"ts" <- structure(c(1,2,3,4,5,6,7,8,9,10
), .Dim=c(10))
