t0 <- 0.0
T <- 10
u0 <- c(1.0, 1.0)
internal_var___u <- structure(c(3.292359382021422, 7.3664000855649965, 0.583094101015871, 1.9257377127225743, 6.19602100392132, 0.9089352883480029, 0.9143110620627941, 5.256231865703684, 3.2184060201108218, 1.7765605057075655, 1.0817326534657226, 1.4074115149036286, 1.8079237329709734, -0.4397570662559684, 0.07615754583708678, 3.0581661307507337, 0.4724744646824627, 0.3980344011856347, 4.214632780963178, 0.9597846069567136), .Dim = c(10, 2))
ts <- c(1.0, 2.0, 3.0, 4.0, 5.0, 6.0, 7.0, 8.0, 9.0, 10.0)
