t0 <- 0.0
T <- 10
u0 <- c(1.0, 1.0)
internal_var___u <- structure(c(2.7939544537919527, 6.933138629105341, 0.5855528019054665, 1.0183024143818074, 5.223237721065193, 1.581691267969457, 1.970205792723533, 4.340792475560338, 2.918086225196244, 1.9840755613868255, 0.12880449547052397, 2.2320910313789213, 2.0331356779797973, 0.3923259409626211, 0.632795476880603, 3.753230813271418, 0.983085155112835, 0.5451001013986716, 4.813836913675812, 1.3559887339398993), .Dim = c(10, 2))
ts <- c(1.0, 2.0, 3.0, 4.0, 5.0, 6.0, 7.0, 8.0, 9.0, 10.0)
