t0 <- 0.0
T <- 10
u0 <- c(1.0, 1.0)
internal_var___u <- structure(c(2.825811950977057, 6.789447302408446, 1.0765138179457239, 2.15462443022933, 6.608165910883294, 1.347813847224, 1.7596163257709698, 4.348572527624223, 3.7822608394119346, 0.8834806912211555, 0.22490985606474875, 1.4303222313017052, 1.8545240338355917, 0.048320906905628014, 0.29547247167090956, 3.8765166928456503, 0.3777220181478127, 0.035883512871420165, 4.357085567426748, 1.220047167805163), .Dim = c(10, 2))
ts <- c(1.0, 2.0, 3.0, 4.0, 5.0, 6.0, 7.0, 8.0, 9.0, 10.0)
