t0 <- 0.0
T <- 10
u0 <- c(1.0, 1.0)
internal_var___u <- structure(c(4.306353542137046, 6.285886507827642, 0.30407598958461146, 3.055103113877804, 6.142786106135245, 1.9294009898558164, 1.1794925831517709, 5.11299341786396, 3.917592810870519, 0.8213305017547765, 0.356117576837134, 2.6424345570124808, 1.8036071108745924, 0.27771875032355386, 0.7015101613288354, 3.5445291792399045, 0.6344504515943934, -0.45997896679820705, 4.581549958673057, -0.33588945365488143), .Dim = c(10, 2))
ts <- c(1.0, 2.0, 3.0, 4.0, 5.0, 6.0, 7.0, 8.0, 9.0, 10.0)
