"t0" <- 0.0
"T" <- 10
"u0" <- structure(c(1,1
), .Dim=c(2))
"u" <- structure(c(2.7747221722374826,6.789150363045344,0.954828638287417,1.8932931550392942,6.106823081112181,1.4003652952755226,1.3320875461584623,4.338903114762388,3.250489505173229,1.0349383262110456,0.2591331908787413,2.0171711443420213,1.8972591733115216,0.33024589022487716,0.6265628648434532,3.456006589829856,0.49307788548991605,0.3201747959350844,4.547045409726616,0.9214721570357197
), .Dim=c(10, 2))
"ts" <- structure(c(1,2,3,4,5,6,7,8,9,10
), .Dim=c(10))
