"t0" <- 0.0
"T" <- 100
"M" <- 2
"y0" <- structure(c(1.0, 0.0), .Dim=c(2))
"ts" <- structure(c(0.1, 0.2, 0.3, 0.4, 0.5, 0.6, 0.7, 0.8, 0.9, 1.0, 1.1, 1.2, 1.3, 1.4, 1.5, 1.6, 1.7, 1.8, 1.9, 2.0, 2.1, 2.2, 2.3, 2.4, 2.5, 2.6, 2.7, 2.8, 2.9, 3.0, 3.1, 3.2, 3.3, 3.4, 3.5, 3.6, 3.7, 3.8, 3.9, 4.0, 4.1, 4.2, 4.3, 4.4, 4.5, 4.6, 4.7, 4.8, 4.9, 5.0, 5.1, 5.2, 5.3, 5.4, 5.5, 5.6, 5.7, 5.8, 5.9, 6.0, 6.1, 6.2, 6.3, 6.4, 6.5, 6.6, 6.7, 6.8, 6.9, 7.0, 7.1, 7.2, 7.3, 7.4, 7.5, 7.6, 7.7, 7.8, 7.9, 8.0, 8.1, 8.2, 8.3, 8.4, 8.5, 8.6, 8.7, 8.8, 8.9, 9.0, 9.1, 9.2, 9.3, 9.4, 9.5, 9.6, 9.7, 9.8, 9.9, 10.0), .Dim=c(100))
"y" <- structure(c(0.9491070706183797, 0.9412896098488421, 0.8651001456360453, 0.931663925415841, 1.0175367271184812, 0.9385674232230573, 0.6483269954058883, 0.6745596732097984, 0.4376373812155139, 0.48014867214654133, 0.3252885192776187, 0.29077008986539593, 0.35705427806554274, 0.2923075582973587, -0.23241599144102462, -0.05595221159057596, -0.08873918019458388, -0.37990503719097457, -0.15102139942926024, -0.3209379859359884, -0.4341461169878269, -0.4355965063419207, -0.2927770900143074, -0.5861363656321852, -0.6292033825944288, -0.40372639027882623, -0.718421824783946, -0.6764002041616869, -0.6824892254107188, -0.8757674051089496, -0.6399125687068286, -0.9705952934738556, -1.0769914795834405, -0.7532071292282443, -0.8465221513125003, -0.6593104284247838, -0.8177314044368469, -0.3193325696555183, -0.619895446919978, -0.5252123985239753, -0.6997971546705845, -0.6640503666078972, -0.09527054543634383, -0.2872755481369077, -0.04764526650351286, -0.3373695282595667, 0.0762302065613449, 0.10219184087071816, 0.040052546001184915, 0.08951005608879495, 0.1495844755682814, 0.3941730374649181, 0.5514231303759012, 0.2240066511564921, 0.401387706024094, 0.3156670821247122, 0.6136020688609995, 0.45081261873591866, 0.6417588650271604, 0.6905722423159274, 0.6527289428186813, 0.5869948560782408, 0.5250517963076128, 0.7836914909228193, 0.6830964532223298, 0.604607181153498, 0.6077942684547373, 0.40069887316467695, 0.5886623734317565, 0.5898659522312432, 0.474691767615508, 0.4942561106490605, 0.2814711954801746, 0.6820247811384688, 0.5462178248634889, 0.09801811425715713, 0.07038241683119215, 0.10547774978278944, 0.070282758462808, -0.10378736984790715, -0.28382775043195274, 0.12172730492958089, -0.37195302136145, -0.1233821604301373, -0.27515485076684254, -0.3072049024866394, -0.2706400189501578, -0.4912271450877068, -0.6145326889064873, -0.6398284080104037, -0.33050157820837045, -0.48108274398143963, -0.3564826029482831, -0.5281521292966014, -0.3718482671252299, -0.6592258518886793, -0.49128260820951863, -0.525327364923571, -0.729779739735793, -0.4392277539091785, -0.21438633672079063, -0.10790620101102733, -0.25627025364704764, -0.3758929279769482, -0.773151583527657, -0.6141170965256376, -0.5442452534648343, -0.6705515219988117, -0.3625245374879837, -0.9127652005465203, -0.8734424600305237, -1.0489659246835936, -0.9925250358276818, -0.8763229843094104, -1.117221515336051, -0.7526867952462349, -0.7883886588106129, -0.9119193949976544, -0.7938589292342884, -0.835516771677294, -0.7723473349113389, -0.7322088640270259, -0.6467383401135013, -0.6250640653327176, -0.34345520661402373, -0.4486923164273926, -0.199995658739708, -0.30474137702085435, -0.012389652702476606, -0.24240619558903248, 0.10658371327225993, 0.08623611782990849, 0.07964788433610913, 0.2519657443814661, 0.35902970170327625, 0.5886413735554885, 0.4916082504355237, 0.4831258332317549, 0.4038044898809784, 0.563652789403749, 0.6534893734696628, 0.47768063399021465, 0.7981371415741997, 0.47097151259025405, 0.6685538924978379, 0.5004383556081002, 0.856210348379806, 0.7320759338059564, 0.6811519129359095, 0.5972238963415063, 0.6491302414180153, 0.8403681433505079, 0.6858160317513575, 0.4817081140796663, 0.5523982526586113, 0.5196218955861723, 0.6043894545291455, 0.18613943412216538, 0.07215006991546857, 0.2702628092097628, 0.21387132450432428, 0.41489025905096044, -0.1685376018317544, -0.14346131901582296, -0.17678918231077204, -0.22874588741104632, -0.10851491139379321, -0.16487026351720901, -0.6978694663553222, -0.23698198668943526, -0.5644056261639, -0.4205042070826143, -0.6249943580419768, -0.49481146268771253, -0.3362926718039524, -0.5572403691744667, -0.6237933046648126, -0.6410475061996518, -0.4402493853640555, -0.7598521975469008, -0.45930531447156797, -0.11723880598818731, -0.596764430220799, -0.2353318904703382, -0.7116238455891354, -0.47049901255371473, -0.20557506942964415, -0.27098756044485467, 0.06970022760326028, -0.30555189544373174, -0.17678441304258077, -0.13994176897173366, 0.2212394808970234, -0.04867173428769764, 0.16360158777547107, 0.038653848724525694, -0.0724597787462938, 0.05899486334980657, 0.24193939389650707, 0.15765084219912764), .Dim=c(100,2))
