"t0" <- 0.0
"T" <- 100
"M" <- 2
"y0" <- structure(c(1,0
), .Dim=c(2))
"ts" <- structure(c(0.1,0.2,0.3,0.4,0.5,0.6,0.7,0.8,0.9,1,1.1,1.2,1.3,1.4,1.5,1.6,1.7,1.8,1.9,2,2.1,2.2,2.3,2.4,2.5,2.6,2.7,2.8,2.9,3,3.1,3.2,3.3,3.4,3.5,3.6,3.7,3.8,3.9,4,4.1,4.2,4.3,4.4,4.5,4.6,4.7,4.8,4.9,5,5.1,5.2,5.3,5.4,5.5,5.6,5.7,5.8,5.9,6,6.1,6.2,6.3,6.4,6.5,6.6,6.7,6.8,6.9,7,7.1,7.2,7.3,7.4,7.5,7.6,7.7,7.8,7.9,8,8.1,8.2,8.3,8.4,8.5,8.6,8.7,8.8,8.9,9,9.1,9.2,9.3,9.4,9.5,9.6,9.7,9.8,9.9,10
), .Dim=c(100))
"y" <- structure(c(0.8408272052238523,0.7981474461319314,0.8013974481471151,0.7321568980602432,1.0879696202546583,0.9051532413915531,0.8926493414419909,0.4615511140583925,0.832630384287655,0.55458708976823,0.39032898921783254,0.35229037834111965,0.514083846061185,0.196533952924815,0.029932628798046784,-0.1618086661185088,0.12260246048769072,-0.21986381436616065,-0.34112774314767,-0.3721230174062051,-0.25533718332023697,-0.6556887248654504,-0.6381355933663093,-0.5501401911587662,-0.7556416443759704,-0.9638767364093046,-0.798090964520315,-0.47404430413371224,-0.8586479384114861,-0.7465093322326568,-0.9384028618182556,-0.40045238800716504,-0.8185806900390338,-0.761927529091716,-0.8143062488599492,-0.8956358146365808,-0.580139070289968,-0.6044609876308503,-0.7293335221807645,-0.38480564387450283,-0.632266803034639,-0.5045420683913096,-0.2228724447939983,-0.7666329237115683,-0.31168250031303063,-0.10719316570700345,-0.12820343204375922,0.26017628059550685,-0.2366887913424206,0.1636739050256866,0.3223473604994107,0.1104409266123404,0.1846644837155783,0.2831612499228209,0.3438330015214256,0.5223706822803093,0.6121247588282119,0.5093304856978267,0.536994567850306,0.3930098341858794,0.5802535039040705,0.7194173060792058,0.5189511521289062,0.6831393078912449,0.5264583873841024,0.3568120467918058,0.25768976734911486,0.39106821407903747,0.6173424031758241,0.6271579792131237,0.32612681055565984,0.5631631750056684,0.19972083709890784,0.04757788636803001,0.28301918675860516,0.08368492569167556,0.08662979955597308,0.10536587693505206,-0.02382113615273206,0.4220591076269407,-0.007732007145911504,-0.028133708514867142,-0.016396755584707712,-0.14887014765932008,-0.2260347429021605,-0.2353311159596692,-0.5279860307923857,-0.3128781375940084,-0.48839901894730436,-0.1702598488712594,-0.24354174415927343,-0.24697360578648822,-0.4537501230348858,-0.767970225405823,-0.5491484569699563,-0.2751545623926739,-0.3416538180177915,-0.6926407631116721,-0.3447756332002848,-0.4275659987025063,-0.004799360447763357,-0.23223689963842553,-0.3432220644461391,-0.47886473012136904,-0.15973008658932014,-0.630036413063638,-0.963345830881166,-0.51172607394674,-0.590706992011356,-0.906090813894505,-0.5786149273211185,-1.0241853899295643,-0.9533546446047253,-0.9159048144376256,-0.8349066833318601,-0.7441621753203806,-0.9685801573853805,-1.1133055942027539,-0.7516396865985432,-0.702838067487174,-0.7970752796431884,-0.8370921775383595,-0.7335898377824103,-0.5180571164602172,-0.5851318297204648,-0.6564523665846518,-0.5600110164960558,-0.20669580966200068,-0.3412157730671458,0.17776619717761283,-0.10492788334059894,0.22397687656339454,-0.007527908419098964,0.21909886692057226,0.24582957196783098,0.6731676278601874,0.42608538040857996,0.5503960407101618,0.5820599297250479,0.47091912765542815,0.48894772047106716,0.8021825582109259,0.6747869912169691,0.9008756390475937,0.6150526063250503,0.697866699326145,0.512152738734596,0.8232470211578743,0.837033627322715,0.9781336897786391,0.5177191763568407,0.6060828817663031,0.4815015330763318,0.6557922152506213,0.5064473739981212,0.3816291905677367,0.1445013186154917,0.2080719904275396,0.19435347976151612,0.3985490334016234,-0.02494082890117641,-0.051844053709234894,-0.043630921012648496,-0.007383244089395294,-0.07478269768448668,-0.11205749916288638,-0.30978355840776034,-0.30757673951428693,-0.3944833174186259,-0.4465870860903994,-0.46897098042372454,-0.5893406040973368,-0.5701305913298209,-0.5882283097938882,-0.618563132931369,-0.46488832069586766,-0.29897778655952206,-0.5443685097004416,-0.49376382922433576,-0.5665211969944923,-0.46149162553065515,-0.41689221245576147,-0.6243432609155353,-0.16897192112841752,-0.45793073036487547,-0.5653238580932933,-0.27152205877650387,-0.4675267911564587,-0.35172700121914313,-0.3071980414405732,-0.13788932610535445,0.14302815761832222,-0.008265990217536781,-0.18103995274082157,-0.10911301324681637,0.17486855834239262,0.14110014385234293,-0.085662879653781,0.2023911709071606,0.6531063530674341
), .Dim=c(100,2))
