N <- 10
y <- structure(c(2.75487369287842, 6.77861583902452, 0.977380864533721, 1.87996617432547, 6.10484970865812, 1.38241825210688, 1.32745986436496, 4.35128045090906, 3.28082272129074, 1.02627964892546, 0.252582832985904, 2.01848763447693, 1.91654508055532, 0.33796473710305, 0.621805831293324, 3.47392930294277, 0.512736737236118, 0.304559407399392, 4.56901766791213, 0.91966250277948), .Dim = c(10, 2))
t0 <- 0
ts <- 1:10
y_init <- c(1.01789244983237, 0.994539126829031)
