"theta[2]" <- 5.349779622114799
"theta[1]" <- 1.2317282002075571
"omega" <- 3.0
"theta[4]" <- 2.9843151464839175
"kappa" <- 0.5
"theta[5]" <- 0.9240331790261297
"theta[3]" <- -8.012356467804576
"theta[10]" <- 1.124303628292115
"theta[7]" <- 3.566068198695053
"theta[6]" <- -3.5148639784446747
"theta[9]" <- 1.5070170382046764
"theta[8]" <- 3.2239855994576323
