"theta[2]" <- -1.246208295769598
"theta[1]" <- 1.651064263140587
"omega" <- 3.0
"theta[4]" <- 0.7264360803324834
"kappa" <- 0.5
"theta[5]" <- 1.4486243002745314
"theta[3]" <- -6.602157571117086
"theta[10]" <- 1.030962047015326
"theta[7]" <- 5.247860985917054
"theta[6]" <- -6.004337018487646
"theta[9]" <- -1.865012438198455
"theta[8]" <- -2.6282553189638813
