"t0" <- 0.0
"T" <- 10
"u0" <- structure(c(1,1
), .Dim=c(2))
"internal_var___u" <- structure(c(2.779062996689447,6.752295542372463,0.960137734893087,1.8814420898477753,6.099774532074491,1.4052839357387632,1.3270316175648795,4.359967811982752,3.2608654517292868,1.058984631390881,0.24746934258268927,2.0194214506451527,1.9097639816182794,0.315925552322027,0.6299878637911113,3.438179848761883,0.5190573925734709,0.33531480243860157,4.542554799817573,0.8870344585235427
), .Dim=c(10, 2))
"ts" <- structure(c(1,2,3,4,5,6,7,8,9,10
), .Dim=c(10))
