"t0" <- 0.0
"T" <- 10
"u0" <- structure(c(1,1
), .Dim=c(2))
"internal_var___u" <- structure(c(2.7747870458135564,6.772004134041336,0.962128587409808,1.879301222465772,6.116146264781225,1.406681709881406,1.3423914897992335,4.36040953602288,3.245036028221896,1.0463334875630372,0.27313293116359155,2.024906219444708,1.906536204586117,0.3290757607936538,0.6184747715850877,3.4538636153694613,0.498171531418175,0.3341367722897065,4.565831624864754,0.9140208431373564
), .Dim=c(10, 2))
"ts" <- structure(c(1,2,3,4,5,6,7,8,9,10
), .Dim=c(10))
