# stan_version_major = 2
# stan_version_minor = 34
# stan_version_patch = 0
# model = bernoulli2_model
# start_datetime = 2024-01-19 15:21:47 UTC
# method = sample (Default)
#   sample
#     num_samples = 1000 (Default)
#     num_warmup = 1000 (Default)
#     save_warmup = 1
#     thin = 1 (Default)
#     adapt
#       engaged = 1 (Default)
#       gamma = 0.050000 (Default)
#       delta = 0.850000
#       kappa = 0.750000 (Default)
#       t0 = 10.000000 (Default)
#       init_buffer = 75 (Default)
#       term_buffer = 50 (Default)
#       window = 25 (Default)
#       save_metric = 0 (Default)
#     algorithm = hmc (Default)
#       hmc
#         engine = nuts (Default)
#           nuts
#             max_depth = 10 (Default)
#         metric = diag_e (Default)
#         metric_file =  (Default)
#         stepsize = 1.000000 (Default)
#         stepsize_jitter = 0.000000 (Default)
#     num_chains = 1 (Default)
# id = 1 (Default)
# data
#   file = /Users/rob/.julia/dev/Stan/Examples/Bernoulli/tmp2/bernoulli2_data_1.json
# init = 2 (Default)
# random
#   seed = 695854889 (Default)
# output
#   file = /Users/rob/.julia/dev/Stan/Examples/Bernoulli/tmp2/bernoulli2_chain_1.csv
#   diagnostic_file =  (Default)
#   refresh = 100 (Default)
#   sig_figs = 6
#   profile_file = profile.csv (Default)
#   save_cmdstan_config = 0 (Default)
# num_threads = 1 (Default)
# stanc_version = stanc3 v2.33.1-101-g8f2dbe7
# stancflags = --warn-pedantic
lp__,accept_stat__,stepsize__,treedepth__,n_leapfrog__,divergent__,energy__,theta
-8.28877,0.848597,0.5,1,3,0,8.91846,0.193645
-8.28877,0,9.97452,0,1,1,8.38805,0.193645
-10.5828,0.0581027,1.34421,1,1,0,11.2504,0.676025
-11.2496,0.990416,0.125392,1,3,0,11.7016,0.708934
-11.0999,1,0.136508,1,1,0,11.2498,0.701968
-11.3485,0.998386,0.177118,2,3,0,11.3526,0.713412
-8.38447,0.994564,0.250218,4,15,0,12.4702,0.185141
-8.56525,0.996389,0.369126,2,3,0,8.56995,0.170956
-9.06513,0.979316,0.566426,2,3,0,9.09468,0.140307
-8.51528,1,0.840357,2,3,0,9.65498,0.174664
-8.51528,0.0590533,1.34578,1,1,0,8.62169,0.174664
-8.57019,0.999845,0.110902,3,7,0,8.59934,0.170597
-7.89129,0.994667,0.180204,3,11,0,9.53454,0.433829
-7.68908,0.989287,0.288707,2,7,0,8.24986,0.290939
-7.71735,0.99642,0.454492,1,1,0,7.71793,0.280809
-7.68966,1,0.729485,1,1,0,7.72168,0.290702
-8.05791,0.747738,1.17852,1,1,0,8.17694,0.218288
-8.97461,0.800129,0.876129,2,3,0,9.0634,0.145148
-8.62737,1,0.767602,1,1,0,9.10789,0.166544
-8.62737,0.0121429,1.23003,1,1,0,9.25609,0.166544
-7.8154,0.998323,0.102926,3,15,0,9.73934,0.256129
-8.7657,0.990007,0.165801,3,11,0,9.06163,0.157416
-7.85461,0.973583,0.258752,2,7,0,10.5892,0.24852
-7.63823,0.99495,0.382286,3,7,0,8.05305,0.334793
-7.75641,0.972139,0.596897,1,3,0,7.78446,0.401378
-8.05953,0.875857,0.86678,2,3,0,8.13354,0.463854
-8.05953,0.444585,0.952298,1,1,0,8.8864,0.463854
-7.65362,1,0.31111,3,7,0,8.05076,0.357522
-7.68798,0.969398,0.48649,2,3,0,7.93458,0.37712
-7.63945,0.906116,0.693899,2,3,0,8.10742,0.326473
-9.16733,0.624502,0.827357,1,3,0,9.16817,0.583948
-8.43066,1,0.457776,1,1,0,9.05458,0.513557
-8.43066,0.402019,0.703239,1,3,0,12.6424,0.513557
-8.82674,0.989782,0.217082,2,3,0,8.84487,0.554455
-9.45508,0.937906,0.324249,2,5,0,10.6819,0.122031
-7.96405,1,0.419851,2,3,0,9.33183,0.2308
-7.73425,1,0.636593,1,1,0,7.91052,0.275674
-7.99543,0.870854,0.958922,2,3,0,8.05366,0.226397
-7.99543,0.00684871,1.03009,1,1,0,10.216,0.226397
-7.74682,0.999937,0.122181,3,15,0,8.01695,0.272168
-7.71472,0.998221,0.184551,3,11,0,7.92059,0.387832
-7.85042,0.978371,0.275825,3,7,0,8.59191,0.425151
-7.66308,0.954696,0.389985,1,3,0,8.49152,0.30345
-7.66308,0.567068,0.517351,1,3,0,11.4199,0.30345
-7.65527,0.999997,0.263714,2,3,0,7.66396,0.308504
-7.65823,0.997512,0.390148,3,7,0,7.71914,0.360938
-7.73466,0.968708,0.570526,1,3,0,7.85723,0.275557
-7.64995,1,0.774281,1,1,0,7.70345,0.312676
-7.64995,0.00133948,1.12754,1,1,0,9.78293,0.312676
-7.7748,0.992287,0.152747,2,7,0,8.5561,0.406603
-7.75638,0.999977,0.219664,4,15,0,7.785,0.401369
-7.64368,0.99206,0.320053,1,3,0,7.9206,0.347711
-9.74257,0.699564,0.45551,2,3,0,11.2088,0.626063
-9.11498,0.990248,0.328218,2,3,0,10.1038,0.579676
-8.75149,1,0.462917,1,1,0,9.13745,0.547324
-7.91187,1,0.664624,1,1,0,8.49319,0.43794
-7.69355,1,0.949833,1,3,0,7.78709,0.289164
-7.69355,0.0579434,1.35135,1,1,0,7.94852,0.289164
-7.84386,0.941154,0.232042,2,7,0,10.783,0.423683
-7.66396,0.952103,0.290781,2,7,0,9.20371,0.302933
-7.77243,0.990881,0.372281,3,7,0,7.90758,0.405948
-7.72477,0.957942,0.517505,1,3,0,8.1605,0.278489
-7.69892,0.86153,0.666743,2,3,0,8.65949,0.287133
-8.14987,0.907543,0.69445,1,3,0,8.15442,0.207622
-7.85966,1,0.798537,1,1,0,8.10195,0.247599
-7.85966,0.224136,1.1183,1,1,0,8.2132,0.247599
-8.49348,0.976849,0.297016,2,5,0,8.77128,0.52067
-8.62174,0.985027,0.396608,1,1,0,8.67943,0.534387
-8.40791,1,0.537076,1,1,0,8.68727,0.510909
-9.78448,0.765961,0.748032,2,3,0,10.0155,0.62884
-8.71285,1,0.636248,1,1,0,9.63311,0.54356
-9.28099,0.574938,0.882107,2,3,0,9.93722,0.592938
-8.71121,1,0.505642,1,1,0,9.24887,0.543399
-7.63935,0.773301,0.699384,2,3,0,9.72123,0.326737
-7.63871,0.984652,0.605972,2,3,0,7.73699,0.337799
-7.63871,0.865739,0.808791,1,3,0,7.93501,0.337799
-7.63871,0.118426,0.84571,1,1,0,9.65483,0.337799
-7.69895,0.997129,0.195743,3,9,0,7.8356,0.287124
-7.7976,0.987959,0.268178,3,15,0,8.18899,0.412624
-8.52299,0.941516,0.359603,3,7,0,9.23765,0.174082
-8.31265,1,0.438387,1,1,0,8.51654,0.191447
-8.38388,0.988353,0.598783,1,1,0,8.49147,0.185191
-7.87727,1,0.796893,1,1,0,8.25413,0.244482
-7.76464,1,1.08203,1,1,0,7.90992,0.267559
-7.76464,0.0077581,1.4649,1,1,0,7.99263,0.267559
-7.63827,0.989464,0.28822,2,7,0,8.20243,0.331403
-7.64198,0.999077,0.383573,1,3,0,7.65099,0.345288
-8.41291,0.815979,0.518603,1,3,0,9.11598,0.18276
-8.33294,0.977538,0.492462,2,7,0,8.91589,0.501886
-8.10532,1,0.636518,1,1,0,8.36467,0.470939
-8.73915,0.726596,0.856526,2,3,0,9.0142,0.54613
-8.20378,1,0.685829,1,1,0,8.68523,0.485089
-8.56691,0.787279,0.920087,2,3,0,8.74967,0.528646
-8.73967,0.988406,0.826647,2,3,0,8.77587,0.159067
-8.73967,0.0270819,1.08157,1,1,0,10.1638,0.159067
-8.79641,0.998732,0.236959,1,1,0,8.80614,0.155507
-7.78552,0.99637,0.316933,3,7,0,9.13945,0.262594
-7.65427,0.977084,0.421003,1,3,0,8.15746,0.358032
-7.64934,1,0.538513,1,1,0,7.65435,0.353875
-7.71187,0.977898,0.716754,1,1,0,7.71241,0.386787
-7.71187,0.107245,3.65691,1,3,0,7.72251,0.386787
-7.71187,1.81867e-27,9.47578,1,2,1,7.76151,0.386787
-7.64201,0.990723,0.856452,3,7,0,7.8286,0.345332
-7.67679,0.994325,0.763366,2,3,0,7.70777,0.371808
-7.68106,0.997709,0.871881,3,7,0,7.71517,0.373917
-7.70414,0.997904,1.15115,2,3,0,7.71144,0.383853
-8.05425,0.872332,1.64924,2,3,0,8.07912,0.463013
-7.87035,0.944671,1.67938,2,3,0,8.09701,0.429474
-7.82578,1,2.19505,1,1,0,7.83116,0.254028
-7.82578,1.5535e-13,3.47741,1,1,0,8.85804,0.254028
-7.83153,0.999947,0.235766,1,1,0,7.83164,0.252893
-7.63885,0.99636,0.380771,2,7,0,8.18746,0.338357
-7.82509,0.989026,0.612073,3,7,0,7.96624,0.419357
-7.77497,0.893566,0.963733,3,7,0,8.67642,0.265051
-7.73814,0.974427,1.12622,1,3,0,8.02091,0.395785
-7.732,0.974043,1.69271,2,3,0,7.79017,0.393797
-7.732,0.0145603,2.53271,1,1,0,8.78266,0.393797
-7.70199,0.997824,0.20139,4,15,0,8.24754,0.383006
-7.7879,0.996724,0.328184,2,5,0,7.94298,0.410116
-8.06644,0.984886,0.529787,2,7,0,8.32047,0.217241
-8.57253,0.964704,0.82011,2,3,0,8.72163,0.170428
-7.67678,0.95063,1.18833,1,3,0,8.79975,0.371806
-7.69726,0.976424,1.64299,2,3,0,7.7343,0.287752
-7.69726,0.00010836,2.43604,1,1,0,9.09526,0.287752
-7.63868,0.999609,0.21531,3,15,0,7.8131,0.328983
-7.64019,0.999979,0.344944,3,7,0,7.64025,0.324719
-7.78705,0.993411,0.548941,2,7,0,7.83232,0.262245
-7.64041,0.98724,0.851036,1,3,0,7.96453,0.342481
-7.64858,0.991527,1.28748,2,3,0,7.67571,0.353155
-8.4631,0.514658,1.95741,1,1,0,8.60393,0.517265
-8.40038,1,0.800627,1,1,0,8.53864,0.510024
-7.70055,1,1.24187,1,3,0,8.17226,0.382434
-7.70055,0.304064,1.91244,1,1,0,8.31591,0.382434
-7.63957,0.998637,0.455497,2,7,0,7.77612,0.326162
-8.96715,0.904772,0.699636,2,5,0,9.18617,0.145559
-8.60889,0.945826,0.83382,2,5,0,10.0017,0.533057
-7.92311,1,1.10293,1,1,0,8.43088,0.440123
-7.92311,0.37815,1.67106,2,3,0,9.08138,0.440123
-9.3233,0.93392,0.509277,2,5,0,10.2129,0.127789
-8.48619,1,0.651577,3,7,0,9.32965,0.176894
-7.74974,0.99386,0.981555,2,7,0,8.3907,0.399387
-7.97177,0.905458,1.44701,1,1,0,8.01181,0.44912
-8.18547,0.910118,1.70139,2,3,0,8.26052,0.482556
-8.18547,0.343596,2.01873,1,1,0,9.19205,0.482556
-7.94061,0.961728,0.594003,2,7,0,9.18521,0.234258
-8.01495,0.992584,0.80322,1,1,0,8.02601,0.223776
-8.44243,0.973344,1.16532,2,3,0,8.4536,0.180351
-8.25603,1,1.60569,1,1,0,8.6046,0.196747
-7.64998,1,2.34736,1,1,0,7.85816,0.312644
-7.69306,0.911699,3.41369,1,1,0,7.78422,0.289357
-7.73176,0.905548,2.00556,2,3,0,7.83318,0.393718
-7.73176,7.86696e-120,22.1869,1,3,1,8.02314,0.393718
-7.73176,0.0114541,3.08319,1,1,0,8.65628,0.393718
-7.74649,0.999947,0.258481,3,7,0,7.74656,0.398398
-7.74321,1,0.289738,2,3,0,7.74667,0.397385
-7.71131,0.999768,0.37686,1,3,0,7.76074,0.386581
-7.64533,0.999812,0.535508,2,5,0,7.72494,0.34975
-7.94509,0.925732,0.803866,1,3,0,8.78179,0.233586
-7.94176,0.987987,0.988691,3,7,0,8.23799,0.443654
-7.65939,0.981088,1.50655,2,3,0,8.04982,0.305713
-7.91249,0.823289,2.27224,1,1,0,7.92029,0.438062
-8.01677,0.762434,2.09355,2,3,0,8.22448,0.456886
-7.96934,1,1.59984,1,1,0,8.12614,0.448688
-7.96934,0.0237113,2.58925,1,1,0,9.60874,0.448688
-7.96238,0.999943,0.19913,2,3,0,7.98498,0.447437
-8.0587,0.998668,0.326236,2,3,0,8.05887,0.463723
-7.66488,0.978103,0.530379,2,7,0,9.10411,0.365244
-8.04386,0.979122,0.805709,2,7,0,8.04435,0.220044
-7.85173,1,1.22165,1,1,0,8.01531,0.249052
-8.29832,0.824155,1.96125,1,1,0,8.38257,0.19276
-8.23514,1,1.85084,2,3,0,8.55723,0.489332
-8.23514,0.305902,2.94184,1,1,0,8.24051,0.489332
-8.31174,0.998476,0.606672,2,3,0,8.32165,0.499245
-8.19583,1,0.962285,1,1,0,8.34229,0.483994
-7.89539,0.947014,1.52157,2,3,0,8.5539,0.24141
-7.96974,0.784504,2.05228,2,3,0,8.218,0.448758
-7.70763,0.897878,1.73819,2,3,0,8.20157,0.385199
-8.19661,0.769042,2.03011,2,3,0,8.21937,0.202668
-7.98216,1,1.65198,2,3,0,8.21462,0.22823
-7.64807,1,2.55275,1,1,0,7.77517,0.314379
-7.64807,0.0168931,3.91627,1,1,0,7.74229,0.314379
-7.73592,0.994498,0.4131,2,7,0,8.07491,0.395073
-8.10782,0.965058,0.629374,1,3,0,8.44339,0.471316
-8.19836,0.996227,0.880268,2,3,0,8.22812,0.484344
-7.63991,0.97821,1.32995,2,3,0,8.337,0.341394
-7.74158,0.94615,1.90373,1,1,0,7.74394,0.396874
-7.74158,0.0593554,2.49218,1,1,0,8.78943,0.396874
-7.67989,0.996895,0.327214,3,11,0,8.1479,0.294862
-9.40197,0.930835,0.492535,3,9,0,11.1486,0.124305
-9.24212,1,0.622529,1,1,0,9.40724,0.131537
-8.8703,1,0.933892,1,1,0,9.22836,0.151069
-7.67445,1,1.39242,2,3,0,8.61668,0.370609
-7.93478,0.833781,2.06373,2,3,0,7.98548,0.442345
-7.93478,0.368537,2.01553,1,1,0,8.80819,0.442345
-7.65534,0.984454,0.627836,2,7,0,8.42112,0.358853
-8.25999,0.841603,0.893201,1,3,0,9.62305,0.196366
-8.15324,1,0.894499,2,3,0,8.26721,0.207256
-7.88294,1,1.31109,1,1,0,8.10721,0.243507
-7.81369,1,1.91148,1,1,0,7.93284,0.25648
-7.83538,0.829006,2.77238,1,3,0,7.84087,0.421753
-7.76013,1,2.67365,1,1,0,7.76244,0.268689
-7.76013,2.54344e-10,3.84963,1,1,0,8.55293,0.268689
-7.79526,0.999631,0.538761,4,15,0,7.7953,0.260412
-7.65321,0.994121,0.779333,1,3,0,7.91435,0.310026
-9.47221,0.659663,1.10779,1,3,0,10.8034,0.12131
-9.35965,1,0.730745,1,1,0,9.51336,0.126162
-9.04474,0.994737,1.04825,3,7,0,9.39705,0.141375
-7.66217,0.979058,1.47923,1,3,0,8.84435,0.30399
-8.60696,0.631634,2.00673,1,1,0,8.61208,0.167971
-8.11135,1,1.25135,1,1,0,8.53138,0.211929
-8.23199,1,1.77313,2,3,0,8.45259,0.488911
-7.92195,1,2.50196,1,1,0,7.96473,0.237126
-7.92195,1.61612e-11,3.51595,1,1,0,9.83303,0.237126
-8.65934,0.984464,0.55932,2,7,0,8.73509,0.164353
-8.36803,0.974715,0.763499,3,7,0,10.0978,0.186547
-8.42309,0.994447,1.01691,1,1,0,8.48976,0.181922
-8.38031,1,1.40814,1,1,0,8.57123,0.185494
-7.9731,1,1.96578,1,1,0,8.34591,0.229505
-7.9731,0.293476,2.73404,1,1,0,8.05166,0.229505
-8.02376,0.995765,0.857487,1,1,0,8.03765,0.22262
-7.98542,1,1.18301,1,1,0,8.06643,0.227775
-7.88771,1,1.64081,2,3,0,8.02503,0.242696
-8.21313,0.932849,2.26779,1,3,0,8.21472,0.486366
-8.21313,0.0150659,2.72027,1,1,0,10.2854,0.486366
-8.15206,1,0.497058,1,1,0,8.21277,0.477824
-8.8561,0.956164,0.687634,2,5,0,9.42129,0.151905
-8.45446,1,0.867454,3,7,0,8.82548,0.516285
-8.98003,0.886287,1.1926,1,1,0,9.06217,0.568249
-8.18745,1,1.3008,1,1,0,8.8038,0.482832
-8.20822,0.989379,1.77897,1,1,0,8.48453,0.485696
-8.31508,0.83589,2.3747,1,3,0,8.36303,0.191226
-7.63882,1,2.33325,1,1,0,7.88443,0.328453
-7.70963,0.89905,3.16715,1,1,0,7.75329,0.385953
-7.70963,0.00859317,3.51725,1,1,0,8.15374,0.385953
-7.64519,1,0.687348,2,7,0,7.71051,0.317339
-7.91473,0.939996,0.934194,1,3,0,8.33626,0.438501
-7.81651,1,1.12744,1,1,0,7.90871,0.417311
-8.07235,0.909255,1.52437,1,1,0,8.11346,0.465875
-7.96101,1,1.72755,2,3,0,8.04817,0.23124
-8.59789,0.619248,2.32471,1,1,0,8.59979,0.53191
-9.3503,0.758825,1.51493,1,1,0,9.62257,0.598243
-8.40602,1,1.28988,2,3,0,9.16351,0.510687
-8.22581,1,1.73095,2,3,0,8.59607,0.488081
-8.3512,0.954666,2.3168,1,3,0,8.42017,0.188008
-8.3512,0.0064091,2.84235,1,1,0,8.71571,0.188008
-7.63873,0.99894,0.598587,2,7,0,8.38205,0.337911
-7.87619,0.961003,0.800137,3,7,0,8.49129,0.430707
-7.70233,1,0.994915,3,7,0,7.86811,0.285892
-10.3768,0.569503,1.32631,2,3,0,11.2992,0.0902664
-11.0328,0.978891,0.803747,1,1,0,11.0328,0.0739332
-11.0328,2.28483e-37,4.11796,1,1,0,11.5795,0.0739332
-11.0328,0,8.7801,0,1,1,11.5403,0.0739332
-10.9689,1,0.749015,1,1,0,11.2605,0.0753561
-11.784,0.991221,0.662104,2,3,0,11.7855,0.0593955
-11.5446,1,0.735547,1,1,0,11.949,0.0636315
-11.0004,1,0.965594,1,1,0,11.74,0.0746504
-10.7684,1,1.38128,1,1,0,11.7354,0.0800376
-8.19442,1,2.08256,1,1,0,9.89109,0.202895
-8.13535,1,3.24202,1,1,0,9.28635,0.209221
-8.13535,1.17584e-31,5.14275,2,3,0,8.67661,0.209221
-8.07197,0.999842,0.348807,2,3,0,8.15892,0.216568
-8.04185,1,0.562976,1,1,0,8.08669,0.220298
-10.5206,0.87852,0.914644,2,3,0,10.5223,0.672688
-7.81455,0.986336,1.01717,1,3,0,11.034,0.256304
-8.81132,0.619518,1.58796,1,1,0,8.8968,0.154594
-8.87054,0.998145,0.793626,2,3,0,8.9872,0.151055
-7.82452,1,1.28665,1,1,0,8.53663,0.254279
-7.68146,1,2.08719,1,1,0,7.78695,0.29416
-7.68146,0.0620805,3.36532,1,1,0,8.11131,0.29416
-7.67485,0.997799,0.321431,3,7,0,7.82801,0.297207
-7.86755,0.992066,0.51974,2,7,0,7.8934,0.428879
-7.76092,0.935349,0.820487,1,3,0,8.49063,0.268491
-7.90758,0.962431,1.0892,1,1,0,7.91937,0.239413
-9.06256,0.604224,1.5576,1,1,0,9.15939,0.140441
-7.72095,0.863976,0.788861,1,3,0,11.1562,0.390052
-7.85541,0.973439,0.849203,1,1,0,7.85545,0.42625
-8.81294,0.653227,1.24521,1,1,0,8.87709,0.553166
-8.39103,0.999186,0.738108,3,7,0,8.97333,0.508918
-7.81978,1,1.15696,1,1,0,8.20286,0.418096
-8.5312,0.720285,1.80403,1,3,0,8.53153,0.173466
-7.69052,0.953265,1.29803,2,3,0,8.40069,0.290359
-7.64078,1,1.76806,1,1,0,7.66215,0.323545
-7.64078,0.063346,2.71753,1,1,0,7.7648,0.323545
-7.73015,0.997362,0.339568,2,7,0,7.81484,0.276874
-7.88715,0.993656,0.521536,2,7,0,7.95967,0.432982
-8.13479,0.957065,0.787783,1,1,0,8.13703,0.475319
-8.25765,0.959914,1.07452,1,1,0,8.40018,0.492309
-8.46393,0.772354,1.46922,2,3,0,8.90334,0.178637
-8.05313,1,1.23482,1,1,0,8.42027,0.218881
-8.05313,0.00371558,1.85881,1,1,0,9.37655,0.218881
-7.64371,0.996322,0.223637,3,11,0,8.94872,0.34776
-7.83912,0.987488,0.33569,2,7,0,8.29937,0.251423
-7.95435,0.990735,0.4899,2,3,0,8.07408,0.232212
-7.78579,0.992658,0.716665,3,7,0,8.12978,0.409561
-7.73737,1,1.04748,1,1,0,7.79258,0.395539
-8.4319,0.622016,1.55008,1,1,0,8.57929,0.5137
-8.03475,1,0.913057,1,1,0,8.3635,0.459861
-7.6474,1,1.34478,1,3,0,7.8563,0.315017
-7.6474,0.740554,1.96993,1,1,0,7.77196,0.315017
-8.13179,0.767341,1.55092,1,1,0,8.14192,0.209617
-12.6988,0.318527,1.30465,1,3,0,12.9523,0.0459285
-12.7642,0.999515,0.384552,1,1,0,12.8198,0.0451058
-12.3,1,0.561377,1,1,0,12.7791,0.0513218
-11.7554,1,0.816308,1,1,0,12.4207,0.0598839
-7.6518,0.800118,1.18119,1,3,0,11.7093,0.356045
-7.79203,0.966043,1.07799,2,3,0,7.86397,0.261127
-7.68192,1,1.43473,1,1,0,7.7597,0.293959
-7.68312,0.951324,2.05389,1,3,0,7.68362,0.374895
-7.97,0.633783,2.62475,1,1,0,8.13941,0.229946
-7.97,0.311866,1.64906,1,1,0,8.49623,0.229946
-7.71277,0.99474,0.510914,2,7,0,8.17954,0.282298
-7.92608,0.968467,0.720935,3,7,0,8.23883,0.236483
-7.77672,0.957278,0.956502,1,3,0,8.35859,0.407126
-7.77672,0.902126,1.23435,1,1,0,7.9587,0.407126
-8.08247,0.696004,1.40959,2,3,0,8.53287,0.215306
-7.64222,0.986016,1.03179,1,3,0,8.11831,0.345647
-8.20488,0.735444,1.40877,1,1,0,8.21387,0.485239
-8.20488,0.531976,1.12508,1,1,0,9.3997,0.485239
-7.70646,0.986653,0.585758,1,3,0,8.47676,0.384752
-7.69576,0.971207,0.798992,1,3,0,7.97091,0.288316
-7.69289,1,1.05157,2,3,0,7.70912,0.28942
-7.83203,0.933911,1.46502,1,1,0,7.85968,0.252795
-9.44951,0.408703,1.77373,1,1,0,9.62208,0.122266
-9.33654,1,0.726826,1,1,0,9.55293,0.127192
-7.80715,0.981547,1.00903,1,3,0,9.20373,0.257847
-7.67532,1,1.34446,1,1,0,7.76196,0.296979
-7.65318,1,1.85414,1,1,0,7.6559,0.357179
-7.65318,0.0498087,2.54861,1,1,0,8.00631,0.357179
-7.6736,0.991873,0.518509,3,7,0,7.91178,0.297813
-7.76802,0.992562,0.703341,2,3,0,7.78289,0.266727
-7.78097,0.841212,0.95244,2,3,0,9.1161,0.26364
-7.85637,0.985009,0.953202,1,1,0,7.86998,0.248198
-7.75511,1,1.26599,1,1,0,7.85329,0.269975
-7.75511,0.640835,1.72675,1,1,0,8.17854,0.269975
-7.75511,0.869819,1.16563,1,1,0,8.0989,0.269975
-8.07574,0.900654,1.2316,1,1,0,8.08746,0.216113
-8.3825,0.509586,1.38039,2,3,0,10.3444,0.185309
-8.45892,0.99304,0.728491,1,1,0,8.51182,0.179033
-7.75735,0.989371,0.975649,1,3,0,8.36218,0.269399
-7.90235,0.947978,1.29406,1,1,0,7.93541,0.240263
-7.65069,1,1.58264,1,1,0,7.77208,0.312038
-7.72821,0.911105,2.13151,1,1,0,7.74866,0.392539
-7.72821,0.0014513,2.4223,1,1,0,9.22212,0.392539
-7.65371,1,0.500606,2,7,0,7.72402,0.357599
-7.64734,1,0.674841,1,1,0,7.65295,0.351926
-7.94757,0.942086,0.907332,1,3,0,7.99685,0.444732
-8.37354,0.863857,1.09324,1,1,0,8.43087,0.506831
-11.9267,0.398227,1.13871,2,3,0,11.9311,0.0570265
-10.2387,0.994584,0.504913,1,3,0,12.6197,0.0942647
-7.64461,0.987055,0.669501,2,5,0,10.2628,0.318011
-7.67307,0.989597,0.873587,1,3,0,7.71984,0.369884
-7.68425,0.99607,1.14259,1,1,0,7.69485,0.37542
-7.78553,0.938573,1.50862,1,1,0,7.82334,0.409492
-7.78553,0.81957,1.79236,1,3,0,7.94896,0.409492
-7.78553,0.632926,1.71865,1,3,0,8.06741,0.409492
-7.64964,0.984702,1.18201,2,3,0,7.83571,0.312946
-7.64964,0.212514,1.52228,1,1,0,8.57413,0.312946
-8.07314,0.97284,0.499473,2,7,0,8.30932,0.465998
-8.29915,0.974428,0.630757,1,1,0,8.30106,0.497657
-7.87101,0.978422,0.797297,2,3,0,8.5583,0.429614
-7.64587,1,1.01301,1,3,0,7.82326,0.350362
-7.64587,0.454569,1.33388,1,1,0,8.44669,0.350362
-7.65524,0.923775,0.680368,3,7,0,8.74114,0.358776
-7.90909,0.92176,0.784764,1,3,0,8.32219,0.239168
-7.71575,0.962265,0.901046,1,3,0,8.29058,0.388203
-9.25638,0.655038,1.10784,1,3,0,9.26543,0.591024
-10.5784,0.793647,0.804318,1,1,0,10.6209,0.675789
-9.18934,1,0.741147,1,1,0,10.3759,0.585718
-10.1416,0.783045,0.969891,1,1,0,10.3767,0.651185
-8.84647,1,0.877674,1,1,0,9.91171,0.556284
-7.98973,1,1.14558,2,3,0,8.84175,0.227179
-7.8995,1,1.49239,1,1,0,8.07722,0.240729
-7.81298,1,1.94054,1,1,0,8.0082,0.256628
-7.81298,1.58359e-06,2.51858,1,1,0,8.51404,0.256628
-7.99683,0.995421,0.619145,3,7,0,8.02449,0.453503
-9.82308,0.777658,0.799138,3,7,0,10.4528,0.631366
-7.83896,0.997768,0.718727,3,7,0,10.1429,0.251455
-7.84602,0.999396,0.929102,2,7,0,7.84671,0.424169
-7.64867,0.979677,1.20215,2,3,0,7.90397,0.313811
-7.64867,0.129074,1.50347,1,1,0,8.94501,0.313811
-8.29045,0.964103,0.46975,3,7,0,9.11046,0.49655
-7.64182,0.943007,0.573708,1,3,0,9.23826,0.345022
-7.83803,0.987226,0.676243,3,7,0,7.85833,0.251634
-7.64115,1,0.855083,2,3,0,7.80225,0.3439
-8.04616,0.916952,1.10194,2,3,0,8.16546,0.219754
-8.15269,0.968654,1.24104,1,1,0,8.27081,0.207316
-8.15269,0.521137,1.51685,1,1,0,9.43064,0.207316
-8.27699,0.98114,0.907877,1,1,0,8.33127,0.194749
-8.14366,0.923331,1.13146,2,3,0,9.26174,0.208303
-7.76309,1,1.28501,1,1,0,8.02724,0.267945
-7.81308,0.970192,1.64569,1,1,0,7.89824,0.256607
-7.81308,0.35116,2.00794,1,1,0,7.90977,0.256607
-7.75523,0.966853,0.927009,1,3,0,8.17674,0.401032
-7.69476,1,1.12572,1,1,0,7.7466,0.380058
-7.72644,0.970056,1.43775,2,3,0,7.77276,0.277982
-8.56622,0.503222,1.75015,1,1,0,8.60764,0.528573
-7.65232,0.984227,1.03247,2,3,0,8.68439,0.310713
-7.77305,0.953449,1.28431,1,1,0,7.77417,0.265509
-7.85811,0.901686,1.52161,2,3,0,7.95822,0.426842
-7.85811,0.154493,1.66333,1,1,0,8.97918,0.426842
-8.12262,0.982598,0.578927,2,5,0,8.23801,0.210647
-8.16431,0.998639,0.717641,2,3,0,8.20284,0.206062
-8.69201,0.9253,0.910417,1,1,0,8.69386,0.162167
-7.64087,0.96778,1.03187,1,3,0,8.78665,0.343383
-8.19943,0.837635,1.24626,2,3,0,8.30935,0.202379
-7.7027,1,1.23542,1,1,0,8.03312,0.28576
-7.7027,0.518425,1.56367,1,1,0,8.06204,0.28576
-7.7056,0.976132,0.959502,2,3,0,7.92919,0.384418
-7.7056,0.112989,1.17105,2,3,0,12.9121,0.384418
-7.71243,0.999903,0.393756,2,3,0,7.71301,0.386993
-7.6919,0.999898,0.498521,3,7,0,7.72234,0.378843
-7.82715,0.990174,0.630317,2,3,0,7.84386,0.419843
-7.67924,0.962893,0.784537,1,3,0,8.19159,0.295156
-9.39206,0.823305,0.936809,2,3,0,9.57417,0.601378
-9.39206,0.666121,0.909966,1,1,0,10.9389,0.601378
-8.12838,0.994834,0.701846,3,7,0,9.78472,0.474377
-8.64351,0.891983,0.877126,1,1,0,8.66467,0.536619
-8.61256,1,0.942174,1,1,0,8.87448,0.533438
-7.73221,1,1.18398,2,3,0,8.26882,0.393865
-7.89396,0.886788,1.48601,2,3,0,7.96533,0.434372
-7.89396,0.112567,1.58104,1,1,0,9.37771,0.434372
-7.63976,0.975867,0.549377,1,3,0,8.3283,0.341034
-7.77832,0.966359,0.666052,1,3,0,8.03217,0.264259
-7.73515,1,0.795732,1,1,0,7.77613,0.275418
-7.6725,0.98727,0.996702,1,3,0,7.83274,0.369577
-8.85224,0.702736,1.22447,1,3,0,9.12035,0.152134
-8.25798,1,1.00136,1,1,0,8.76688,0.196559
-7.81012,1,1.2513,1,1,0,8.13181,0.257224
-9.42156,0.489462,1.56183,1,1,0,9.46419,0.123459
-8.81381,1,0.945163,1,1,0,9.38909,0.154442
-8.37044,1,1.1792,2,3,0,8.82594,0.18634
-8.08569,1,1.46953,1,1,0,8.44147,0.214923
-7.78337,1,1.82933,1,3,0,7.82896,0.408919
-7.78337,0.00115622,2.27473,1,1,0,9.31836,0.408919
-7.90018,0.996069,0.698996,3,7,0,7.90027,0.435624
-7.65851,0.861775,0.865505,2,3,0,9.09313,0.306286
-8.4708,0.822356,0.888056,1,3,0,8.97519,0.518134
-8.39711,1,0.862542,2,3,0,8.59537,0.509638
-7.78456,1,1.07158,1,1,0,8.2013,0.409235
-8.09222,0.856955,1.32986,1,1,0,8.16337,0.468949
-8.40882,0.845915,1.35365,1,1,0,8.65026,0.511016
-8.36979,0.890411,1.35696,2,3,0,8.99568,0.186395
-7.67483,1,1.44586,1,1,0,8.06002,0.297217
-8.05886,0.761879,1.78933,1,1,0,8.13595,0.218171
-7.956,0.998469,1.59809,2,3,0,8.01588,0.446279
-7.956,0.268879,1.97112,1,1,0,8.13926,0.446279
-7.75337,1,0.900988,1,1,0,7.91077,0.400479
-8.11304,0.947564,1.11397,2,3,0,8.12481,0.472099
-7.70391,1,1.28169,2,3,0,7.94589,0.383762
-7.70391,0.27261,1.5818,1,1,0,8.47648,0.383762
-7.70391,0.0295159,2.92873,2,3,0,7.70556,0.383762
-7.70391,4.8927e-29,6.58875,1,1,0,8.31752,0.383762
-7.81548,0.992925,0.571086,3,7,0,7.86645,0.256112
-7.78335,1,0.499911,1,1,0,7.81517,0.263091
-7.68155,0.993573,0.571934,2,3,0,7.8954,0.294122
-9.01683,0.888397,0.739423,2,3,0,9.03091,0.571427
-10.507,0.911692,0.753084,2,3,0,10.5517,0.671951
-8.08443,1,0.858754,2,3,0,10.0902,0.215073
-7.64708,1,1.32984,1,1,0,7.85726,0.315338
-7.63821,1,2.1039,1,1,0,7.64012,0.332125
-7.63821,2.66253e-08,3.36853,1,1,0,10.1637,0.332125
-7.68499,0.993465,0.230396,2,7,0,8.30807,0.375766
-8.57167,0.968572,0.3673,2,7,0,8.79671,0.529152
-8.61984,0.994577,0.543099,1,1,0,8.70656,0.53419
-7.76144,0.936386,0.871297,1,3,0,9.01689,0.26836
-7.75317,1,1.16422,2,3,0,7.76371,0.40042
-7.68953,1,1.88878,1,1,0,7.68965,0.290755
-7.73618,0.282644,3.04755,2,3,0,7.91354,0.395158
-7.73844,0.998421,0.555741,3,7,0,7.79554,0.395882
-7.67426,1,0.896317,1,1,0,7.72246,0.370508
-8.03914,0.801435,1.44255,2,3,0,8.0688,0.220641
-8.15084,0.972267,1.28146,2,3,0,8.15733,0.477648
-8.15084,0.053343,1.88302,1,1,0,8.3979,0.477648
-7.71485,0.999201,0.190271,4,15,0,8.39835,0.38788
-7.63822,0.998908,0.305333,4,15,0,7.81731,0.334742
-7.77126,0.973773,0.485815,1,3,0,8.09451,0.265938
-7.70355,1,0.714362,1,1,0,7.76071,0.285459
-8.45052,0.833223,1.12354,1,3,0,8.45054,0.179702
-7.83689,0.961506,1.1022,2,3,0,8.70859,0.251853
-7.83689,0.334308,1.54153,1,1,0,8.11699,0.251853
-7.67489,0.99867,0.384823,2,5,0,7.91574,0.370838
-7.87855,0.968636,0.597268,3,7,0,8.15868,0.24426
-9.61688,0.749563,0.848796,1,3,0,9.86051,0.115458
-10.3469,0.958608,0.667931,3,7,0,12.002,0.663092
-9.69554,1,0.918191,1,1,0,10.6875,0.622907
-8.53954,1,1.40014,1,3,0,9.14209,0.172845
-8.53954,1.4878e-07,2.12078,1,1,0,9.33171,0.172845
-8.60155,0.999728,0.2398,3,7,0,8.63263,0.168353
-8.19032,0.997243,0.365525,1,3,0,8.78386,0.203319
-8.33963,0.989049,0.550034,1,1,0,8.34575,0.189027
-7.63818,0.981115,0.805628,1,3,0,8.51077,0.332786
-7.71754,0.975835,1.15004,1,3,0,7.71827,0.280746
-9.22788,0.240445,1.61159,1,1,0,9.43363,0.588784
-7.67831,0.998329,0.364188,3,7,0,9.39025,0.372574
-7.69723,0.995706,0.541067,3,7,0,7.78823,0.287764
-8.38172,0.510814,0.794139,2,3,0,13.5847,0.507811
-7.86237,0.959373,0.358142,2,7,0,10.1944,0.247112
-7.708,0.942763,0.480349,2,5,0,9.28284,0.385337
-7.66072,0.989875,0.616617,3,7,0,7.85992,0.362623
-8.44149,0.829849,0.882061,1,3,0,8.48637,0.514804
-7.65116,1,0.861068,2,3,0,8.43951,0.31165
-8.04951,0.826075,1.25224,1,1,0,8.05278,0.219333
-7.74147,0.994809,1.20909,2,3,0,7.952,0.273632
-7.74147,0.00388978,1.72481,1,1,0,8.68774,0.273632
-7.74191,0.999999,0.251625,3,7,0,7.74379,0.27351
-8.46114,0.953487,0.365124,2,7,0,9.76628,0.517043
-7.82382,1,0.474502,3,7,0,8.4686,0.254421
-7.70341,0.959195,0.682491,1,3,0,8.28923,0.383569
-7.75065,0.899373,0.891828,2,3,0,8.25115,0.271145
-7.71294,0.949369,1.01665,2,3,0,8.07912,0.282245
-8.2821,0.764311,1.29237,1,1,0,8.31166,0.194268
-8.2821,0.431501,1.09022,2,3,0,11.2127,0.194268
-8.17728,1,0.444967,1,1,0,8.27884,0.204683
-7.97728,1,0.631674,1,1,0,8.15677,0.228914
-7.95941,1,0.893033,1,1,0,8.04481,0.231472
-7.77828,1,1.25746,1,1,0,7.93996,0.264269
-7.66071,1,1.76367,1,1,0,7.67086,0.362621
-7.71565,0.457933,2.4642,1,3,0,7.77285,0.281356
-7.79514,0.971662,1.09029,1,1,0,7.81628,0.260437
-8.75321,0.506349,1.43353,1,1,0,8.75991,0.54749
-8.76805,0.951603,0.710024,2,7,0,9.54978,0.157269
-8.39104,1,0.894675,2,3,0,8.77219,0.184585
-8.25019,1,1.24297,2,3,0,8.48867,0.491329
-8.1297,1,1.7208,1,1,0,8.13889,0.209851
-8.1297,1.41959e-08,2.37415,1,1,0,8.5162,0.209851
-8.01475,0.999299,0.425464,2,3,0,8.17711,0.223803
-8.04532,0.993836,0.588328,3,7,0,8.25064,0.219859
-8.72672,0.939994,0.801929,2,7,0,8.77506,0.54492
-8.35753,1,0.978011,1,1,0,8.8088,0.504899
-8.35753,0.830736,1.3419,2,3,0,8.54605,0.504899
-7.63922,1,1.31103,1,1,0,7.9238,0.327113
-8.45281,0.379881,1.79053,1,1,0,8.76682,0.516097
-8.43639,1,0.719227,1,1,0,8.60077,0.514217
-7.74693,0.983322,0.982035,2,3,0,8.60443,0.272138
-7.70354,1,1.29408,2,3,0,7.73278,0.285462
-7.70354,0.276127,1.75674,1,1,0,8.40749,0.285462
-7.77305,0.952717,0.587261,1,3,0,8.37261,0.40612
-7.66208,0.9776,0.728425,1,3,0,7.95677,0.304045
-7.71166,0.907339,0.945686,2,3,0,8.18935,0.28267
-8.37398,0.767557,1.07128,2,3,0,8.86142,0.506884
-7.77242,1,0.929758,1,1,0,8.18051,0.405947
-7.67626,0.996745,1.25326,2,3,0,7.74365,0.371539
-7.67626,0.0302169,1.67453,1,1,0,8.68831,0.371539
-7.75705,0.990461,0.365265,2,5,0,8.05812,0.269475
-7.64272,0.992742,0.483662,1,3,0,7.91354,0.320438
-10.2125,0.611192,0.641565,1,3,0,12.5219,0.655371
-7.80749,1,0.41931,3,7,0,10.2046,0.257776
-8.19278,0.9754,0.562606,2,3,0,8.21967,0.203064
-8.18288,0.890866,0.71977,3,7,0,9.75042,0.204095
-7.69499,0.999055,0.787491,2,7,0,8.08411,0.380154
-7.65797,0.793269,1.04805,2,3,0,8.32794,0.360756
-7.64369,0.988769,0.958622,2,3,0,7.7066,0.347735
-7.64201,0.994476,1.24833,2,3,0,7.65173,0.321473
-7.63864,1,1.63878,1,1,0,7.63917,0.337513
-7.63864,0.0176044,2.16793,1,1,0,7.99283,0.337513
-7.88601,0.9752,0.496902,3,7,0,8.25956,0.432748
-7.76418,0.913997,0.630543,1,3,0,8.81894,0.267673
-7.72874,1,0.716687,1,1,0,7.76441,0.27729
-8.41788,0.820397,0.946852,1,3,0,8.70499,0.512075
-7.67922,1,0.910796,1,3,0,8.20538,0.373021
-7.8239,0.926529,1.19954,1,1,0,7.84751,0.419078
-7.73653,1,1.38714,1,1,0,7.84621,0.39527
-7.64727,1,1.82008,1,1,0,7.68853,0.351849
-7.64727,0.0178135,2.38326,1,1,0,8.06493,0.351849
-7.64845,0.999864,0.57384,1,1,0,7.64909,0.353025
-7.63888,0.996885,0.752858,2,3,0,7.67494,0.328202
-7.63888,0.87513,0.980719,1,3,0,7.99362,0.328202
-7.64024,0.999509,1.03623,1,1,0,7.64038,0.324619
-7.64024,0.0182536,1.35164,1,1,0,9.94841,0.324619
-7.809,0.991893,0.334722,2,7,0,8.01561,0.41548
-7.81939,0.996633,0.431914,3,7,0,7.98595,0.418005
-7.64145,0.989423,0.560747,2,5,0,7.96608,0.344414
-8.5643,0.904935,0.717935,2,3,0,8.63548,0.528368
-7.91991,1,0.796978,1,1,0,8.40875,0.439506
-7.64023,0.699736,1.03537,2,3,0,8.95524,0.342111
-7.6386,0.994765,0.816504,2,3,0,7.67539,0.329371
-7.6382,1,1.04957,1,1,0,7.63845,0.332311
-7.6382,0.579749,1.35848,1,1,0,7.93705,0.332311
-7.92526,0.929328,0.881192,1,3,0,7.97696,0.440536
-7.65171,1,1.01491,1,3,0,7.82331,0.355964
-8.62367,0.20632,1.31027,2,3,0,10.4712,0.166802
-8.47491,1,0.465531,1,1,0,8.62177,0.177772
-7.96829,0.978409,0.601488,2,5,0,8.90386,0.448499
-7.78181,1,0.749276,1,1,0,7.93119,0.408501
-8.82813,0.690753,0.964942,1,1,0,8.83015,0.554584
-9.09916,0.943218,0.755795,1,1,0,9.28911,0.578368
-8.31744,1,0.887413,1,1,0,8.95919,0.49996
-8.51657,0.97875,1.13936,2,3,0,8.5531,0.174567
-8.51647,1,1.41205,2,3,0,8.57317,0.174574
-8.51647,0.0680468,1.80739,1,1,0,8.6957,0.174574
-7.79877,0.984859,0.530938,1,3,0,8.92182,0.259643
-7.63826,0.992737,0.664545,1,3,0,7.90752,0.331557
-7.9597,0.949204,0.840922,2,3,0,8.04828,0.446953
-7.84994,0.592678,0.992651,2,3,0,9.91318,0.425044
-7.65617,0.972291,0.671557,1,3,0,8.13966,0.307864
-7.66499,0.995551,0.821363,2,3,0,7.69935,0.302345
-7.66902,0.99953,1.04016,2,3,0,7.67803,0.300142
-10.757,0.315023,1.32345,2,3,0,10.7862,0.0803147
-10.9523,0.992597,0.585998,1,1,0,11.0755,0.0757299
-11.5242,0.96914,0.737859,1,1,0,11.6549,0.0640074
-7.64242,0.960336,0.895069,2,3,0,12.3383,0.320864
-7.64242,0.662384,1.07005,1,3,0,8.49038,0.320864
-8.52883,0.803113,0.811956,1,3,0,8.87922,0.173644
-9.02084,0.942111,0.764009,1,1,0,9.0406,0.142643
-8.13551,0.885187,0.887481,1,3,0,10.397,0.475424
-7.86138,0.946913,0.945215,1,3,0,8.52314,0.24729
-7.91236,0.991052,1.10427,2,3,0,7.91287,0.438036
-7.66131,1,1.3772,1,1,0,7.74725,0.304511
-7.66131,0.0427523,1.73854,1,1,0,9.66304,0.304511
-8.13278,0.930313,0.525329,1,3,0,8.68989,0.209507
-8.1636,0.997209,0.59863,1,1,0,8.2026,0.206139
-7.63827,0.978357,0.752793,1,3,0,8.38921,0.335213
-8.4109,0.815177,0.919433,1,3,0,8.49339,0.511259
-8.5104,0.99025,0.88162,2,3,0,8.71831,0.522538
-7.71699,0.972196,1.09408,2,3,0,8.47051,0.280924
-8.63332,0.647557,1.32067,1,1,0,8.66119,0.166133
-8.59652,1,0.990076,1,1,0,8.86014,0.168709
-7.72938,0.937222,1.24367,2,3,0,8.24417,0.2771
-7.69445,1,1.42397,1,1,0,7.74854,0.288817
-9.14884,0.31186,1.78475,1,1,0,9.44584,0.136051
-7.90956,0.974639,0.824479,1,3,0,9.04095,0.239094
-8.15779,0.883796,0.996395,2,3,0,8.94984,0.206764
-7.63932,0.987075,1.05533,1,3,0,8.00297,0.326817
-7.63932,0.502952,1.29623,2,3,0,8.38565,0.326817
-7.63885,1,0.794425,1,1,0,7.63928,0.328315
-7.66134,0.985304,0.993608,2,3,0,7.70446,0.304494
-7.64769,0.947547,1.21554,2,3,0,7.74412,0.352279
-7.64769,0.579558,1.4078,1,1,0,7.93108,0.352279
-7.78166,0.972721,0.966388,2,3,0,7.81564,0.263481
-8.67388,0.802952,1.15961,2,3,0,8.68074,0.163374
-7.89668,1,1.09382,2,3,0,8.51456,0.434921
-7.89668,0.581348,1.36224,1,1,0,8.41744,0.434921
-8.43321,0.935254,0.940973,2,3,0,8.46664,0.513851
-8.43321,0.868179,1.0694,1,1,0,8.94035,0.513851
-7.68589,1,1.10584,1,3,0,8.17816,0.292254
-7.78351,0.921941,1.37412,2,3,0,7.81906,0.263053
-8.70231,0.469376,1.53008,1,1,0,8.74108,0.542521
-7.65719,1,0.908464,1,3,0,8.43898,0.360203
-7.63955,0.814406,1.12757,2,3,0,8.08676,0.326205
-7.6684,0.955798,1.08182,2,3,0,7.76676,0.367315
-7.72865,0.965913,1.26149,1,1,0,7.74911,0.392684
-7.70427,1,1.49051,1,1,0,7.76848,0.383902
-7.70427,0.247762,1.84393,1,1,0,7.91534,0.383902
-7.65872,1,0.813894,1,1,0,7.69352,0.361278
-7.64129,0.99982,1.00727,2,3,0,7.66093,0.322635
-7.6844,0.978259,1.24503,1,1,0,7.68617,0.292882
-7.68126,1,1.49298,1,1,0,7.71423,0.294248
-7.68126,0.866187,1.84231,1,1,0,7.78605,0.294248
-7.68126,4.27698e-08,1.89505,1,1,0,11.2727,0.294248
-7.67876,0.980481,0.605339,1,3,0,7.93489,0.372794
-7.68911,0.998026,0.728009,1,1,0,7.69401,0.377623
-7.68911,0.966877,0.895663,1,1,0,7.77275,0.377623
-7.6443,0.847531,1.05585,2,3,0,8.1206,0.348513
-7.63879,0.987421,1.06021,2,3,0,7.67728,0.338128
-8.10366,0.757094,1.28311,1,1,0,8.11543,0.470688
-7.64201,0.982714,1.14165,2,3,0,8.02209,0.345326
-7.90609,0.850878,1.37163,1,1,0,7.90647,0.239654
-8.20445,0.767589,1.38248,2,3,0,8.32667,0.48518
-8.1978,1,1.24796,2,3,0,8.24319,0.202547
-7.70554,1,1.53176,1,1,0,7.82289,0.384397
-7.70554,0.110822,1.8784,1,1,0,8.10191,0.384397
-7.70984,0.967571,0.715093,1,3,0,7.98343,0.283278
-7.88905,0.961492,0.841016,2,3,0,8.05527,0.24247
-8.08124,0.979406,0.980576,2,3,0,8.08139,0.467258
-8.94295,0.636802,1.16958,1,1,0,9.18427,0.564996
-8.55595,1,0.891899,1,1,0,9.03704,0.527477
-7.77653,0.702573,1.09206,2,3,0,9.65316,0.264681
-8.09456,0.927955,0.908137,1,1,0,8.09518,0.213876
-7.90382,0.863931,1.01195,2,3,0,9.33834,0.240023
-8.41208,0.867275,1.03759,1,1,0,8.43341,0.182828
-9.26572,0.939385,1.06836,2,3,0,9.34902,0.13043
-8.09994,0.953138,1.20686,2,3,0,9.12203,0.213247
-8.55717,0.819198,1.38689,2,3,0,8.61613,0.527608
-8.82366,0.489314,1.34157,2,3,0,9.49766,0.554168
-8.00144,1,0.851083,2,7,0,8.63878,0.225581
-8.00144,0.838317,1.03815,1,3,0,9.03523,0.225581
-7.64144,0.986638,1.02976,1,3,0,7.92347,0.344399
-8.18392,0.739409,1.23345,1,1,0,8.19376,0.48234
-7.7013,0.995657,1.07881,1,3,0,8.08276,0.286264
-7.7013,0.643203,1.30594,1,1,0,8.21875,0.286264
-8.10929,0.894258,1.01184,1,3,0,8.23599,0.471536
-8.53198,0.82839,1.07711,1,1,0,8.71748,0.524895
-7.66326,1,1.05508,1,3,0,8.17283,0.364252
-7.69319,0.734061,1.28225,2,3,0,8.05831,0.289304
-7.68739,1,1.11559,1,1,0,7.71028,0.291627
-7.68739,0.917267,1.35457,1,1,0,7.7911,0.291627
-8.19696,0.673223,1.48214,1,1,0,8.21376,0.48415
-7.63855,1,1.19592,1,1,0,7.90947,0.329612
-7.86718,0.841812,1.45023,1,1,0,7.88465,0.428798
-8.00869,0.94173,1.44389,1,3,0,8.03922,0.224607
-7.74644,1,1.62711,1,1,0,7.95538,0.27227
-7.74644,0.731303,1.96969,1,1,0,7.99793,0.27227
-7.74644,0.587098,1.70996,1,1,0,7.80074,0.27227
-7.99429,0.927889,1.24345,2,3,0,8.01645,0.226553
-7.63912,1,1.37665,1,1,0,7.79065,0.327405
-7.63912,0.149974,1.66456,1,1,0,8.60616,0.327405
-7.70904,0.992901,0.709756,2,3,0,7.70918,0.385731
-7.99521,0.962325,0.8512,2,7,0,7.99529,0.226427
-8.76663,0.83305,0.982753,1,1,0,8.77202,0.157358
-8.42555,1,0.968743,2,3,0,8.81336,0.181721
-10.7083,0.563938,1.16997,1,1,0,10.7228,0.08151
-8.09992,0.943766,0.831624,1,3,0,10.7554,0.213249
-7.72606,1,0.937802,1,3,0,8.00442,0.278095
-8.1794,0.846762,1.13146,1,1,0,8.18741,0.20446
-8.02187,1,1.13374,1,1,0,8.24831,0.222867
-8.04171,0.999422,1.36643,2,3,0,8.06798,0.220315
-7.6679,1,1.6446,1,1,0,7.73732,0.367028
-7.6679,0.282577,1.97944,1,1,0,7.80933,0.367028
-7.72374,0.979743,1.00752,1,1,0,7.7296,0.391019
-7.73495,0.99817,1.18383,2,3,0,7.74926,0.275475
-7.84007,0.973861,1.42113,1,3,0,7.84492,0.422827
-7.84007,0.146497,1.65616,1,1,0,8.36255,0.422827
-7.82451,0.980014,0.720573,2,3,0,8.08978,0.419221
-8.19665,0.903894,0.846447,1,1,0,8.20327,0.484108
-7.66099,1,0.907952,1,3,0,8.05142,0.362803
-7.74924,0.962769,1.09101,1,1,0,7.75539,0.399238
-8.20208,0.263334,1.25373,2,3,0,10.7245,0.202107
-8.07198,1,0.630942,2,3,0,8.20199,0.216566
-7.71058,0.997175,0.757882,2,3,0,8.11016,0.283031
-7.64764,0.798461,0.906757,2,3,0,9.06233,0.314783
-8.20645,0.9186,0.858652,2,3,0,8.33382,0.485454
-7.71416,1,0.936168,1,1,0,8.04534,0.38763
-7.63832,0.997792,1.1223,2,3,0,7.69522,0.335687
-7.63832,0.554768,1.34112,1,1,0,7.97977,0.335687
-7.71989,0.978501,0.955605,1,3,0,7.72602,0.38968
-7.63834,0.997114,1.11619,2,3,0,7.70265,0.335873
-7.63834,0.70837,1.33155,1,1,0,7.92151,0.335873
-7.98892,0.896092,1.13573,2,3,0,8.00826,0.22729
-7.89093,1,1.20452,1,1,0,8.05207,0.242153
-9.43603,0.476828,1.44023,1,1,0,9.56199,0.122839
-7.65511,1,0.940982,2,3,0,9.09231,0.35868
-9.02566,0.523717,1.12489,1,1,0,9.02819,0.572182
-8.30675,1,0.777077,2,3,0,8.8946,0.498618
-7.64301,1,0.92868,1,3,0,8.21792,0.320032
-7.7436,0.960589,1.1092,1,1,0,7.7436,0.273046
-7.63826,1,1.26563,1,1,0,7.68839,0.331477
-7.63826,0.480633,1.50998,1,1,0,8.05397,0.331477
-8.06504,0.886795,0.995548,1,3,0,8.09019,0.464726
-7.67567,0.92846,1.04386,2,3,0,8.34348,0.296813
-7.79659,0.750342,1.14744,2,3,0,8.4014,0.260118
-7.66041,1,1.03005,2,3,0,7.75125,0.305069
-7.685,0.992738,1.22753,2,3,0,7.69287,0.292627
-7.685,0.841898,1.45007,1,1,0,7.84144,0.292627
-7.70644,0.934713,1.44376,2,3,0,7.74145,0.284442
-8.30871,0.652156,1.59615,1,1,0,8.44328,0.191806
-7.705,1,1.28324,1,1,0,8.05019,0.284945
-9.44449,0.229663,1.52653,1,1,0,9.59555,0.605251
-7.66166,1,0.764288,2,3,0,9.18532,0.304301
-8.16932,0.891108,0.909425,1,3,0,8.21662,0.205527
-7.64737,0.977308,0.957433,1,3,0,8.15294,0.351951
-7.65318,0.997483,1.10971,1,1,0,7.65679,0.357179
-7.68922,0.978007,1.31487,1,1,0,7.7015,0.377672
-8.03776,0.766409,1.52371,1,1,0,8.03848,0.220817
-7.86149,0.937308,1.39479,1,3,0,7.94397,0.427576
-7.94717,0.59,1.54403,2,3,0,8.17524,0.444658
-8.07887,0.9344,1.16255,1,1,0,8.23518,0.466891
-8.12836,0.995464,1.28275,2,3,0,8.15911,0.210002
-7.93971,0.964456,1.51374,1,3,0,7.98402,0.443272
-8.21564,0.730582,1.72534,1,1,0,8.71072,0.486707
-7.69294,1,1.51909,1,1,0,7.94068,0.379288
-7.71243,0.919177,1.79977,1,3,0,7.71378,0.282413
-7.7519,0.954888,1.95009,1,1,0,7.8681,0.270816
-7.7519,6.25861e-07,2.19685,1,1,0,8.61805,0.270816
-7.69962,1,0.869151,1,1,0,7.74517,0.286876
-7.97537,0.76772,1.02952,2,3,0,8.97258,0.44976
-7.76806,1,0.945747,1,1,0,7.926,0.404728
-7.76806,0.773329,1.11953,1,1,0,8.10407,0.404728
-8.02811,0.900591,1.03485,1,1,0,8.06187,0.458769
-9.66736,0.684893,1.09878,2,3,0,9.80234,0.620994
-7.82068,1,0.922909,1,3,0,9.07415,0.418312
-7.82068,0.693395,1.09142,1,1,0,8.3204,0.418312
-7.65664,0.99211,0.925668,1,3,0,7.85182,0.307539
-8.23025,0.861943,1.08483,1,3,0,8.2376,0.199268
-8.21754,1,1.10419,1,1,0,8.42222,0.200538
-8.50228,0.892436,1.30415,1,1,0,8.75322,0.175654
-8.13554,0.610022,1.37126,2,3,0,8.90996,0.475428
-7.77271,0.89355,1.06421,2,3,0,8.55472,0.265589
-8.55393,0.766857,1.12046,1,1,0,8.55748,0.171784
-7.69498,1,1.02976,1,3,0,8.30877,0.288613
-8.75511,0.647811,1.21487,1,1,0,8.75551,0.158084
-8.55478,1,0.983263,1,1,0,8.89365,0.171721
-8.76845,1,1.15953,2,3,0,9.10687,0.548954
-7.64083,1,1.36674,1,1,0,8.04322,0.323456
-7.64083,0.124043,1.61021,1,1,0,8.93761,0.323456
-7.64083,0.973771,0.747593,1,3,0,7.80556,0.323456
-7.63837,0.957014,0.856922,2,3,0,7.91539,0.330625
-8.77771,0.795155,0.964576,2,3,0,9.07406,0.156665
-9.34602,0.914215,0.914552,1,1,0,9.4405,0.126768
-9.44053,0.984775,0.983502,1,1,0,9.79025,0.122648
-8.77063,1,1.13916,2,3,0,9.2569,0.549163
-8.77063,0.0411651,1.34024,1,1,0,12.059,0.549163
-8.78304,0.998442,0.574677,1,1,0,8.92033,0.550345
-8.46698,0.941825,0.675335,2,3,0,9.67002,0.517704
-8.40718,0.660175,0.747511,1,3,0,11.393,0.183234
-7.84503,0.860606,0.615769,1,3,0,10.8599,0.423947
-8.09475,0.967223,0.625941,2,3,0,8.27188,0.469336
-7.94121,1,0.711235,1,1,0,8.08747,0.443551
-8.48197,0.865402,0.835977,1,1,0,8.49467,0.519387
-7.63904,0.978592,0.853615,2,3,0,8.62462,0.339035
-7.63926,0.998635,0.980536,2,3,0,7.64441,0.339717
-7.63878,0.999783,1.1496,2,3,0,7.64005,0.32859
-7.67482,0.97848,1.34883,1,1,0,7.6765,0.297221
-7.67482,0.0815865,1.54736,1,1,0,8.38661,0.297221
-7.75213,0.992221,0.70121,2,7,0,7.77027,0.400107
-7.72191,0.978561,0.81633,2,3,0,7.9458,0.390384
-7.64355,1,0.936655,1,3,0,7.6986,0.347549
-8.59545,0.748004,1.09833,2,3,0,8.73546,0.168785
-8.95615,0.929774,0.993141,1,1,0,9.11195,0.146169
-7.65436,0.976262,1.08288,2,3,0,8.93133,0.358108
-7.70452,0.972839,1.23817,1,1,0,7.71492,0.384
-9.31297,0.462753,1.41027,1,3,0,9.33066,0.128257
-8.21079,0.952401,0.95229,2,3,0,10.0836,0.20122
-7.97715,1,1.0622,1,1,0,8.21688,0.228932
-7.74644,0.865265,1.24347,2,3,0,8.18502,0.398383
-7.72644,1,1.26819,1,1,0,7.78731,0.391939
-7.72644,0.202482,1.48365,1,3,0,9.06724,0.391939
-9.47032,0.784166,0.770622,2,7,0,9.49143,0.121389
-8.70502,1,0.724142,1,1,0,9.39327,0.16131
-7.63849,0.976993,0.847254,1,3,0,8.89976,0.336787
-7.757,0.94021,0.968049,2,3,0,7.91501,0.401553
-7.96669,0.959755,1.06526,2,3,0,8.0045,0.448213
-8.02616,0.968154,1.19534,1,1,0,8.20261,0.458447
-7.83724,0.976286,1.35232,2,3,0,7.98431,0.251784
-7.83724,0.229434,1.54202,1,1,0,9.39264,0.251784
-7.67956,0.998469,0.828419,1,3,0,7.80651,0.295011
-7.65978,1,0.966213,2,3,0,7.67334,0.361998
-7.64117,0.553483,1.12822,2,3,0,9.18156,0.343937
-7.72444,0.98207,0.841307,1,3,0,7.73276,0.391257
-8.28399,0.826064,0.964654,1,3,0,8.64071,0.194091
-7.64168,0.993246,0.945852,1,3,0,8.19184,0.321993
-7.66187,0.991989,1.09616,1,1,0,7.66237,0.304174
-7.76351,0.965782,1.2683,2,3,0,7.76418,0.26784
-7.6382,1,1.42909,1,1,0,7.68545,0.332216
-7.6382,0.00373239,1.66558,1,1,0,9.06275,0.332216
-8.78324,0.753967,0.720306,1,3,0,9.71889,0.156321
-8.40201,0.989737,0.657759,2,3,0,9.10696,0.183665
-8.70799,0.961802,0.759126,1,1,0,8.74452,0.161116
-8.25156,1,0.851886,1,1,0,8.65787,0.197179
-7.82426,1,0.992533,1,1,0,8.14343,0.254332
-7.87253,0.996569,1.15596,2,3,0,7.9492,0.429937
-7.72255,1,1.34124,1,1,0,7.84723,0.390609
-7.72255,0.621508,1.56093,1,1,0,7.85574,0.390609
-9.29066,0.395143,1.25078,1,1,0,9.40504,0.593686
-9.06314,1,0.802581,1,1,0,9.52937,0.57536
-7.82099,1,0.934088,1,1,0,8.65065,0.418386
-8.90665,0.778862,1.08674,2,3,0,8.95898,0.561762
-9.13057,0.916417,1.01756,1,1,0,9.60547,0.580957
-7.81134,1,1.09031,1,3,0,8.82162,0.256968
-7.81134,0.714774,1.26755,1,1,0,8.32342,0.256968
-8.59496,0.772737,1.11488,1,1,0,8.60226,0.16882
-8.17009,1,1.03796,1,1,0,8.57063,0.205445
-7.89841,1,1.20609,1,1,0,8.15481,0.24091
-7.87994,1,1.40096,1,3,0,7.91882,0.431492
-8.78989,0.462565,1.62673,1,1,0,8.79022,0.155909
-8.6288,1,1.1205,1,1,0,9.0341,0.166445
-8.98233,0.91918,1.30095,2,3,0,9.00973,0.568449
-7.66403,1,1.39621,1,1,0,8.09386,0.302896
-7.66403,0.0710244,1.62006,1,1,0,9.69371,0.302896
-7.65088,1,0.765667,1,1,0,7.66177,0.311881
-7.86155,0.941514,0.888729,1,3,0,7.95212,0.427587
-7.981,0.98599,0.974664,2,3,0,8.04461,0.450752
-7.64119,0.975092,1.11545,2,3,0,7.98873,0.343959
-7.8414,0.891499,1.26285,1,1,0,7.84808,0.423127
-7.75201,1,1.319,1,1,0,7.86669,0.400073
-7.75201,0.211546,1.52868,1,3,0,9.02792,0.400073
-7.74975,0.96211,0.831719,2,3,0,8.05964,0.271384
-7.74975,0.803164,0.929762,1,3,0,8.68738,0.271384
-7.65397,0.8066,0.892544,2,3,0,9.1251,0.309448
-8.05835,0.933932,0.85971,2,3,0,8.17869,0.218233
-7.64882,0.835231,0.93515,2,3,0,9.51282,0.313675
-7.64882,0.549231,0.925692,1,3,0,9.53675,0.313675
-7.74198,0.990118,0.697907,2,3,0,7.75451,0.273492
-7.81772,0.901004,0.800767,2,3,0,8.71184,0.417602
-8.50513,0.906327,0.843942,2,7,0,8.51055,0.175435
-7.80337,1,0.893838,2,3,0,8.31967,0.414083
-7.73326,1,1.03444,1,1,0,7.8062,0.39421
-7.73326,0.682214,1.19677,1,1,0,8.12274,0.39421
-7.64052,0.934617,1.02483,2,3,0,7.97267,0.342705
-7.69805,0.97647,1.11427,2,3,0,7.71985,0.38142
-7.92973,0.586215,1.26008,2,3,0,8.55321,0.235918
-7.79764,1,0.986131,1,1,0,7.91932,0.259889
-7.86504,0.983162,1.13999,2,3,0,7.99252,0.428341
-8.07653,0.929361,1.29673,2,3,0,8.10874,0.466527
-7.95879,0.73936,1.40191,2,3,0,8.24943,0.446788
-10.3076,0.242196,1.2679,1,1,0,10.6381,0.66086
-8.82912,1,0.71969,1,1,0,10.0349,0.554677
-8.38461,1,0.831586,1,1,0,8.82498,0.508155
-7.88216,1,0.960572,1,1,0,8.24566,0.431953
-11.3821,0.201125,1.10921,1,1,0,11.4318,0.714917
-11.0988,1,0.607517,1,1,0,11.7109,0.701915
-14.6372,0.605178,0.701648,1,1,0,14.6443,0.823127
-12.2642,1,0.560867,1,1,0,14.4439,0.750867
-11.7221,1,0.647618,1,1,0,12.6219,0.729527
-9.99713,1,0.747551,2,3,0,11.5315,0.642414
-7.73847,0.886013,0.862635,2,3,0,10.8901,0.39589
-10.3423,0.596137,0.895312,2,3,0,10.3676,0.0912448
-9.50448,0.985293,0.710358,2,3,0,11.0318,0.119969
-8.96054,1,0.808299,1,1,0,9.50223,0.145925
-7.99521,1,0.93207,2,3,0,8.68574,0.453225
-7.65881,0.984838,1.07446,2,3,0,7.97475,0.306088
-7.64866,0.950425,1.22103,2,3,0,7.73589,0.35323
-8.28684,0.515297,1.34393,2,3,0,8.71045,0.193824
-7.84314,1,0.990853,1,1,0,8.17725,0.250658
-7.92271,0.982913,1.14145,2,3,0,8.08277,0.440046
-7.89503,0.905906,1.29406,2,3,0,8.06714,0.434587
-8.46022,0.538523,1.36665,2,3,0,8.73358,0.516939
-7.73947,0.825331,1.03057,2,3,0,9.15686,0.274192
-7.73682,1,1.0111,1,1,0,7.7703,0.274939
-8.81373,0.674223,1.16386,1,1,0,8.81388,0.154447
-7.64965,0.891531,0.994528,2,3,0,9.90615,0.312935
-7.93385,0.811724,1.03659,2,3,0,8.51526,0.442169
-7.67277,0.979428,1.00452,2,3,0,8.05286,0.298223
-7.89687,0.730032,1.13416,2,3,0,8.5607,0.241163
-9.34363,0.569396,1.02031,2,3,0,10.5583,0.597739
-9.98871,0.863087,0.793369,1,1,0,10.2488,0.641892
-9.81561,1,0.805844,1,1,0,10.4342,0.630879
-8.78308,1,0.926708,2,3,0,9.71758,0.550349
-7.6384,1,1.06539,1,3,0,8.32286,0.336283
-7.63965,0.957711,1.22447,2,3,0,7.70126,0.325962
-8.68327,0.495308,1.35412,1,1,0,8.72476,0.54063
-8.2938,1,0.985986,1,1,0,8.73644,0.496977
-8.57952,0.868702,1.13281,1,1,0,8.89455,0.529981
-8.57952,0.358181,1.15588,1,1,0,10.1074,0.529981
-8.04044,1,0.744699,1,1,0,8.47079,0.460789
-7.64396,1,0.855463,1,3,0,7.98199,0.34808
-8.41458,0.68594,0.982422,2,3,0,9.29263,0.182622
-7.9757,0.787624,0.850771,2,3,0,10.8799,0.229137
-7.99933,0.995847,0.807348,1,1,0,8.05728,0.225867
-7.64081,0.895181,0.923382,2,3,0,8.95149,0.343275
-7.64104,0.989373,0.964827,2,3,0,7.68983,0.343689
-7.6657,0.981914,1.09663,2,3,0,7.69927,0.301943
-7.6657,0.39756,1.23783,1,1,0,8.41394,0.301943
-7.84168,0.969987,0.829217,1,3,0,7.85107,0.250936
-7.68921,1,0.926117,1,1,0,7.80172,0.290886
-8.13322,0.889478,1.06213,1,3,0,8.21092,0.475088
-7.68867,1,1.10372,1,1,0,7.94519,0.377428
-8.67437,0.551903,1.26524,1,1,0,8.75166,0.539739
-7.7501,1,0.973979,1,1,0,8.34396,0.399497
-7.78087,0.996217,1.11635,2,3,0,7.78532,0.263663
-11.0934,0.341324,1.27489,2,3,0,11.1218,0.0726159
-7.65285,1,0.815081,2,3,0,10.4777,0.3103
-7.68711,0.996781,0.934,2,3,0,7.68772,0.291746
-7.68711,0.845365,1.06694,1,3,0,8.15543,0.291746
-7.63905,0.997627,1.06602,2,3,0,7.67858,0.339064
-7.7775,0.929575,1.21818,1,1,0,7.77884,0.40734
-7.95257,0.944126,1.3107,2,3,0,7.96228,0.445653
-9.0307,0.280543,1.42822,2,3,0,9.49936,0.572612
-8.3381,1,0.8681,2,3,0,8.92705,0.502523
-8.93436,0.798399,0.993753,1,1,0,9.13692,0.564236
-8.08339,1,0.952849,2,3,0,8.75627,0.215197
-7.6673,1,2.18076,1,1,0,7.84586,0.301064
-7.6673,0,28.6452,0,1,1,7.70047,0.301064
-7.6673,2.09165e-06,4.1885,1,1,0,7.67459,0.301064
-8.00824,0.971976,0.350635,2,7,0,9.49889,0.224667
-7.7179,0.999001,0.368688,3,7,0,8.12959,0.280633
-7.76392,0.99841,0.481406,2,3,0,7.77101,0.267738
-7.64758,0.980325,0.684192,1,3,0,8.06109,0.352165
-8.08676,0.800414,0.969203,2,3,0,8.93997,0.214796
-7.98674,1,0.804791,1,1,0,8.09338,0.227592
-8.74157,0.807272,1.27196,1,1,0,8.76818,0.158945
-8.74116,0.923625,1.10682,2,3,0,10.1618,0.158971
-8.37355,1,1.40135,1,1,0,8.84828,0.186073
-11.2786,0.0241174,2.26613,1,1,0,12.2301,0.710259
-10.0862,0.99943,0.171826,4,15,0,11.7644,0.647862
-10.2686,0.996398,0.281182,1,1,0,10.2701,0.658626
-10.6118,0.982753,0.454881,1,1,0,10.6455,0.677563
-9.96224,1,0.70297,1,1,0,10.6521,0.640243
-7.63866,1,1.14008,1,3,0,9.30785,0.337584
-7.63866,0.00245649,1.83779,1,1,0,9.75775,0.337584
-7.63818,0.999934,0.146693,3,15,0,7.66704,0.332817
-7.64687,0.999664,0.239003,2,7,0,7.67772,0.315549
-7.63865,0.999945,0.386328,2,5,0,7.65076,0.337579
-8.11454,0.96449,0.620388,2,5,0,8.19732,0.211564
-7.64101,0.952347,0.891948,2,3,0,8.66656,0.323135
-7.90397,0.794423,1.23107,2,3,0,8.55158,0.43638
-7.8722,0.930753,1.07641,1,3,0,8.35765,0.245365
-8.12108,0.910827,1.38824,1,1,0,8.19522,0.210821
-7.7616,1,1.68586,1,1,0,8.0127,0.268318
-7.84922,0.322167,2.61602,2,3,0,7.94138,0.424883
-7.7854,1,0.619885,1,1,0,7.84336,0.409458
-8.16661,0.823832,0.962941,1,3,0,8.93469,0.205817
-8.52844,0.948776,0.920304,1,1,0,8.54106,0.173673
-7.64759,0.961858,1.23238,2,3,0,8.73348,0.314831
-7.70708,0.958411,1.70084,1,1,0,7.70727,0.384987
-7.98733,0.713715,2.31393,1,1,0,8.04964,0.227511
-7.98733,0.00647987,1.64614,1,1,0,10.644,0.227511
-7.67327,0.999691,0.18605,3,15,0,8.14904,0.297978
-7.67207,1,0.28444,1,1,0,7.67344,0.298576
-7.65429,0.999794,0.432321,1,3,0,7.6807,0.309214
-7.897,0.937559,0.652491,1,3,0,8.53519,0.434984
-7.74005,0.998725,0.836042,3,7,0,7.91601,0.274028
-8.03716,0.813287,1.24434,2,3,0,8.70711,0.220893
-8.03716,0.917788,1.15965,1,1,0,8.35372,0.220893
-10.2835,0.50775,1.40095,1,1,0,10.2838,0.0929425
-8.57028,0.985047,0.616321,1,3,0,11.0565,0.170591
-9.05342,0.946614,0.878723,1,1,0,9.07151,0.140919
-7.92494,1,1.13568,1,3,0,8.80149,0.23666
-7.94554,0.988769,1.66282,1,1,0,8.11742,0.233517
-7.74138,1,2.3576,1,1,0,7.9594,0.273657
-7.74138,0.000151191,3.41651,1,1,0,10.027,0.273657
# Adaptation terminated
# Step size = 0.96855
# Diagonal elements of inverse mass matrix:
# 0.367431
-7.75467,0.92733,0.96855,2,3,0,8.41516,0.400865
-7.65318,1,0.96855,2,3,0,7.73219,0.310049
-9.42838,0.630066,0.96855,1,3,0,10.1977,0.123167
-7.81987,1,0.96855,2,3,0,9.38534,0.255216
-8.0035,0.96564,0.96855,1,1,0,8.00861,0.225304
-7.88626,1,0.96855,1,1,0,8.00436,0.242942
-8.10471,0.891834,0.96855,1,3,0,8.88939,0.470847
-7.64287,1,0.96855,2,3,0,8.06546,0.320229
-9.60056,0.575636,0.96855,1,3,0,10.5949,0.116098
-11.0052,0.959141,0.96855,2,3,0,11.0083,0.0745445
-8.14795,0.961115,0.96855,2,7,0,10.5126,0.477232
-7.91506,1,0.96855,1,1,0,8.11741,0.438565
-7.63844,0.995971,0.96855,1,3,0,7.93732,0.33016
-7.74072,0.976069,0.96855,1,3,0,7.7711,0.273841
-7.70431,1,0.96855,1,1,0,7.73958,0.285187
-8.09428,0.938833,0.96855,1,3,0,8.12097,0.213909
-8.12933,0.993963,0.96855,1,1,0,8.2069,0.209892
-7.7321,0.962461,0.96855,1,3,0,8.59042,0.393829
-7.8242,0.977328,0.96855,1,1,0,7.83183,0.419149
-7.76544,1,0.96855,1,1,0,7.82864,0.40399
-7.89964,0.906146,0.96855,1,3,0,8.36825,0.240708
-7.7285,0.966974,0.96855,1,3,0,8.2333,0.392634
-7.84855,0.970535,0.96855,1,1,0,7.85312,0.424733
-7.76238,0.946873,0.96855,1,3,0,8.22698,0.268122
-7.76158,1,0.96855,1,1,0,7.7882,0.268324
-7.77134,0.897181,0.96855,2,3,0,8.72331,0.405647
-7.91196,0.897556,0.96855,2,7,0,8.40347,0.238708
-7.76741,1,0.96855,1,1,0,7.88663,0.266875
-9.49799,0.717855,0.96855,1,3,0,9.91934,0.120237
-10.5573,0.901405,0.96855,1,1,0,10.5823,0.0853601
-9.61378,1,0.96855,1,1,0,10.5123,0.115579
-10.2061,0.943391,0.96855,1,1,0,10.3167,0.0952399
-7.63995,1,0.96855,2,3,0,9.73246,0.325253
-8.73601,0.85136,0.96855,2,3,0,8.79938,0.159301
-9.11038,0.951907,0.96855,1,1,0,9.19069,0.137981
-8.88465,1,0.96855,1,1,0,9.21616,0.150231
-7.6549,0.978915,0.96855,1,3,0,9.04156,0.308768
-7.64491,0.952918,0.96855,2,3,0,7.98322,0.317665
-9.08839,0.808481,0.96855,2,3,0,9.16425,0.139104
-7.63916,1,0.96855,2,3,0,8.81987,0.339416
-7.63831,0.937832,0.96855,2,3,0,8.06316,0.331077
-7.63946,0.954388,0.96855,2,3,0,7.95077,0.340265
-7.6783,0.957203,0.96855,2,3,0,7.9116,0.295583
-7.79924,0.95575,0.96855,1,3,0,7.97915,0.413042
-7.9293,0.891765,0.96855,1,3,0,8.49068,0.235984
-9.98704,0.599195,0.96855,1,3,0,11.8068,0.641789
-11.3188,0.739135,0.96855,1,1,0,11.627,0.712077
-11.8064,0.903814,0.96855,1,1,0,12.5629,0.732997
-11.4111,1,0.96855,2,7,0,11.671,0.0661457
-11.7763,0.97793,0.96855,2,7,0,11.82,0.731763
-9.20896,1,0.96855,1,1,0,11.2152,0.587285
-7.6412,0.986781,0.96855,2,3,0,9.30917,0.343985
-7.70184,0.992315,0.96855,2,3,0,7.70346,0.286071
-7.72445,0.97612,0.96855,1,3,0,7.90493,0.391262
-7.71911,0.860118,0.96855,2,3,0,8.69263,0.280249
-8.01298,0.950072,0.96855,2,3,0,8.18399,0.224037
-8.01816,0.998839,0.96855,2,7,0,8.0221,0.457117
-10.1751,0.696692,0.96855,2,7,0,10.2476,0.096182
-9.63873,1,0.96855,1,1,0,10.2483,0.114609
-9.93857,0.970221,0.96855,1,1,0,10.13,0.103777
-7.72687,0.979296,0.96855,2,3,0,10.2374,0.277851
-7.73331,0.755742,0.96855,2,3,0,9.91677,0.394226
-7.64025,0.999421,0.96855,1,3,0,7.72547,0.342149
-7.85207,0.953923,0.96855,1,3,0,7.89057,0.425515
-9.99078,0.703287,0.96855,2,7,0,10.0136,0.102034
-7.64704,0.913049,0.96855,1,3,0,10.642,0.31538
-7.72922,0.984995,0.96855,1,3,0,7.73581,0.277147
-7.95377,0.957771,0.96855,2,3,0,8.13084,0.232297
-8.21138,0.955378,0.96855,1,1,0,8.22304,0.20116
-9.59312,0.897275,0.96855,2,7,0,9.61133,0.615873
-7.64635,1,0.96855,1,3,0,9.47741,0.35089
-7.64418,0.911057,0.96855,2,3,0,8.25122,0.318534
-7.72709,0.896762,0.96855,2,3,0,8.34382,0.277786
-8.19858,0.929396,0.96855,1,3,0,8.229,0.202466
-7.952,0.880495,0.96855,2,7,0,9.18034,0.445548
-7.64087,0.997968,0.96855,1,3,0,7.93511,0.343378
-7.64087,0.53212,0.96855,1,3,0,10.3399,0.343378
-7.69901,0.988117,0.96855,1,3,0,7.70536,0.381814
-8.11102,0.852017,0.96855,1,3,0,8.59943,0.211968
-7.82497,0.923079,0.96855,2,7,0,8.77608,0.419329
-7.63817,0.997555,0.96855,1,3,0,7.8351,0.332993
-7.63817,0.911376,0.96855,1,3,0,8.04562,0.332993
-8.18409,0.879236,0.96855,1,3,0,8.32884,0.482364
-8.18324,1,0.96855,2,7,0,8.18355,0.204057
-7.63884,1,0.96855,2,3,0,8.11227,0.328377
-7.93276,0.930643,0.96855,1,3,0,8.02908,0.441964
-8.04979,0.970484,0.96855,1,1,0,8.09923,0.462298
-8.47219,0.89673,0.96855,1,1,0,8.5085,0.51829
-8.99609,0.874232,0.96855,1,1,0,9.11105,0.569642
-8.96655,1,0.96855,1,1,0,9.32037,0.567072
-8.13103,1,0.96855,1,1,0,8.76951,0.474767
-7.88567,0.888364,0.96855,1,3,0,8.9296,0.243042
-8.00843,0.977441,0.96855,1,1,0,8.03003,0.224643
-8.0467,0.966109,0.96855,2,3,0,8.50269,0.219685
-7.81805,1,0.96855,1,1,0,8.00527,0.255585
-8.02438,0.906035,0.96855,1,3,0,8.62436,0.458153
-8.4079,0.742231,0.96855,1,3,0,9.90724,0.183175
-7.6384,0.979584,0.96855,1,3,0,8.58764,0.336264
-7.66912,0.995827,0.96855,2,3,0,7.67176,0.300091
-7.7534,0.991228,0.96855,2,7,0,7.75415,0.400487
-8.04586,0.928975,0.96855,1,1,0,8.04621,0.461666
-7.7722,1,0.96855,1,1,0,7.97882,0.405886
-7.90959,0.966021,0.96855,1,1,0,7.92026,0.437493
-7.6436,1,0.96855,2,3,0,7.87656,0.319249
-7.8821,0.94939,0.96855,1,3,0,7.93451,0.243649
-7.66091,0.997233,0.96855,1,3,0,7.85643,0.304761
-7.91353,0.928898,0.96855,1,3,0,8.10102,0.438266
-7.74528,0.94656,0.96855,1,3,0,8.281,0.272587
-7.85874,0.977527,0.96855,1,1,0,7.86208,0.247766
-7.77021,0.958713,0.96855,1,3,0,8.25544,0.405331
-7.63862,0.99954,0.96855,2,3,0,7.77469,0.337436
-7.63897,0.999766,0.96855,2,3,0,7.64047,0.327907
-9.54243,0.745876,0.96855,2,3,0,9.59008,0.118418
-8.56674,1,0.96855,1,1,0,9.41324,0.170848
-7.64863,0.985946,0.96855,1,3,0,8.66668,0.313848
-7.76828,0.98762,0.96855,2,3,0,7.77162,0.40479
-7.82608,0.95151,0.96855,2,3,0,8.16238,0.419593
-8.17439,0.97169,0.96855,2,3,0,8.1791,0.481004
-8.67193,0.65817,0.96855,1,3,0,10.7787,0.163505
-7.94595,0.889735,0.96855,1,3,0,9.9638,0.444433
-7.91562,0.81686,0.96855,2,3,0,9.34867,0.238124
-7.92756,0.99777,0.96855,1,1,0,7.98016,0.236253
-8.01785,0.927271,0.96855,2,3,0,8.82359,0.457067
-8.0121,0.842064,0.96855,1,3,0,9.04462,0.224154
-7.69849,0.995748,0.96855,1,3,0,7.96456,0.287294
-7.66314,0.991789,0.96855,2,3,0,7.78338,0.364177
-8.0819,0.818498,0.96855,2,3,0,8.82051,0.215374
-7.70657,0.994562,0.96855,1,3,0,8.02877,0.284399
-8.13304,0.749712,0.96855,2,3,0,9.65591,0.209479
-7.84778,1,0.96855,1,1,0,8.08116,0.249785
-7.65836,1,0.96855,2,3,0,7.80531,0.361029
-8.42496,0.780895,0.96855,1,3,0,8.98268,0.181769
-7.66691,1,0.96855,2,3,0,8.38419,0.301276
-10.5634,0.696905,0.96855,2,3,0,11.0153,0.674991
-8.54411,1,0.96855,2,7,0,10.2446,0.172507
-7.67759,1,0.96855,2,3,0,8.35678,0.372214
-7.66709,0.990524,0.96855,2,3,0,7.764,0.301177
-7.63817,0.96599,0.96855,2,3,0,7.90634,0.333185
-7.63955,0.63778,0.96855,2,3,0,10.7458,0.340519
-7.87466,0.948272,0.96855,1,3,0,7.92165,0.430386
-7.8472,1,0.96855,1,1,0,7.91285,0.424433
-7.65871,1,0.96855,2,3,0,7.80799,0.306156
-7.65871,0.99548,0.96855,1,1,0,7.67597,0.306156
-7.6604,0.994197,0.96855,1,3,0,7.7145,0.362415
-7.90616,0.947478,0.96855,2,3,0,8.0681,0.436814
-7.64013,0.996993,0.96855,2,3,0,7.92897,0.341881
-9.1669,0.628306,0.96855,1,3,0,10.0753,0.135158
-10.2493,0.918687,0.96855,2,7,0,10.6151,0.657511
-10.151,1,0.96855,1,1,0,10.8297,0.651749
-8.77837,1,0.96855,2,3,0,9.88734,0.549901
-8.57209,1,0.96855,1,1,0,8.91814,0.529196
-8.57209,0.630224,0.96855,1,1,0,9.9727,0.529196
-7.67698,0.96363,0.96855,2,3,0,8.83595,0.371906
-8.71692,0.803386,0.96855,1,3,0,8.8186,0.54396
-7.71777,1,0.96855,2,3,0,8.54277,0.280674
-7.64629,0.993869,0.96855,1,3,0,7.7679,0.350824
-8.41696,0.871961,0.96855,2,3,0,8.70744,0.511967
-7.66947,0.969492,0.96855,2,3,0,8.66038,0.299904
-7.65139,1,0.96855,1,1,0,7.66581,0.311459
-8.02806,0.956751,0.96855,2,3,0,8.05977,0.458762
-7.63973,1,0.96855,2,3,0,8.00535,0.325769
-8.62356,0.773872,0.96855,1,3,0,9.0413,0.166809
-13.4086,0.632479,0.96855,1,3,0,14.9087,0.0378153
-9.4579,0.972327,0.96855,2,7,0,13.4799,0.606231
-9.4579,0.529133,0.96855,1,1,0,11.6525,0.606231
-9.04734,1,0.96855,1,1,0,9.62487,0.574026
-9.16666,0.990123,0.96855,2,3,0,9.49769,0.583894
-9.73355,0.869164,0.96855,1,1,0,10.0019,0.625462
-8.71579,1,0.96855,1,1,0,9.58104,0.54385
-8.73302,1,0.96855,2,7,0,8.73319,0.159493
-8.5789,1,0.96855,1,1,0,8.82754,0.169969
-7.70528,0.954713,0.96855,2,3,0,9.22695,0.384297
-7.70111,0.976783,0.96855,1,3,0,7.87349,0.286331
-7.6576,0.986236,0.96855,2,3,0,7.82207,0.360499
-7.64008,1,0.96855,2,3,0,7.65381,0.324957
-7.65758,0.998136,0.96855,2,3,0,7.65782,0.360484
-7.63971,0.999275,0.96855,2,3,0,7.66306,0.340911
-7.90658,0.929742,0.96855,1,3,0,8.03877,0.239575
-7.67084,1,0.96855,2,3,0,7.85312,0.368676
-8.85162,0.776883,0.96855,1,3,0,8.98555,0.556759
-8.06737,1,0.96855,2,7,0,8.71616,0.217127
-7.79481,0.984379,0.96855,2,3,0,8.26767,0.260512
-7.71301,0.975643,0.96855,1,3,0,8.03732,0.387208
-8.5375,0.850152,0.96855,1,3,0,8.57638,0.525492
-11.391,0.617757,0.96855,2,7,0,11.7159,0.066534
-11.8356,0.973322,0.96855,1,1,0,12.1058,0.058526
-11.3395,0.985589,0.96855,2,7,0,11.9537,0.713012
-11.0639,1,0.96855,2,7,0,11.2354,0.0732538
-10.7531,0.988189,0.96855,2,7,0,11.156,0.684915
-7.63899,0.99736,0.96855,2,3,0,10.7511,0.338854
-7.63849,0.999226,0.96855,2,3,0,7.64439,0.329896
-8.5691,0.872482,0.96855,2,3,0,8.6229,0.170676
-7.63855,0.981247,0.96855,2,3,0,8.7581,0.329577
-9.02569,0.811914,0.96855,2,3,0,9.07916,0.142385
-8.27331,1,0.96855,1,1,0,8.91342,0.195097
-8.84362,0.917193,0.96855,1,1,0,8.85221,0.152646
-8.96902,0.983677,0.96855,1,1,0,9.12877,0.145456
-9.82435,0.968249,0.96855,2,3,0,9.84635,0.107732
-9.82435,0.958326,0.96855,1,1,0,10.3977,0.107732
-7.64138,0.957092,0.96855,2,3,0,10.6797,0.344294
-7.68602,0.986103,0.96855,1,3,0,7.72106,0.2922
-8.71902,0.765587,0.96855,1,3,0,9.28716,0.544166
-8.67109,1,0.96855,2,3,0,8.95879,0.53941
-8.43462,1,0.96855,1,1,0,8.76269,0.514014
-8.33038,1,0.96855,1,1,0,8.55984,0.50157
-7.93344,0.477396,0.96855,2,3,0,13.2613,0.235348
-7.64527,1,0.96855,2,3,0,7.87757,0.349671
-7.66409,0.991826,0.96855,1,3,0,7.69682,0.302861
-7.67015,0.99868,0.96855,1,1,0,7.67441,0.29955
-7.66821,1,0.96855,1,1,0,7.67586,0.300572
-7.64067,0.9788,0.96855,2,3,0,7.8208,0.343005
-7.73205,0.984077,0.96855,2,3,0,7.76749,0.393812
-7.68862,0.978373,0.96855,1,3,0,7.88863,0.291124
-7.767,0.983714,0.96855,1,1,0,7.76743,0.266976
-7.65661,0.966407,0.96855,2,3,0,8.04933,0.359792
-7.63886,1,0.96855,2,3,0,7.65351,0.328289
-10.9822,0.578464,0.96855,2,3,0,10.9952,0.0750565
-8.40083,0.978664,0.96855,2,7,0,10.6424,0.510077
-8.26727,0.730184,0.96855,1,3,0,10.2503,0.19567
-8.45563,0.970684,0.96855,1,1,0,8.52022,0.179294
-8.15237,1,0.96855,1,1,0,8.43412,0.207351
-7.99818,1,0.96855,1,1,0,8.15806,0.226023
-8.19171,0.872062,0.96855,1,3,0,9.25008,0.483424
-7.63976,0.996056,0.96855,1,3,0,8.17651,0.341032
-8.13428,0.893442,0.96855,1,3,0,8.237,0.475243
-7.82777,0.934645,0.96855,2,3,0,8.70367,0.419989
-7.8882,0.984838,0.96855,1,1,0,7.92194,0.433196
-8.5365,0.846676,0.96855,1,1,0,8.53754,0.525385
-7.63821,0.99898,0.96855,2,3,0,8.55966,0.334533
-8.12228,0.932737,0.96855,2,3,0,8.15776,0.210685
-10.3322,0.769684,0.96855,1,3,0,10.6584,0.0915315
-10.0977,1,0.96855,1,1,0,10.5649,0.0985831
-8.32048,0.982667,0.96855,2,7,0,9.87515,0.500338
-9.07136,0.824482,0.96855,1,1,0,9.1275,0.57605
-9.00927,1,0.96855,1,1,0,9.39044,0.570778
-7.66189,1,0.96855,1,3,0,8.85755,0.363385
-8.4552,0.84475,0.96855,1,3,0,8.54418,0.516369
-7.91336,1,0.96855,1,1,0,8.32204,0.438233
-8.13174,0.945587,0.96855,1,1,0,8.16223,0.474872
-8.0587,0.883815,0.96855,2,3,0,9.14667,0.463722
-7.81438,1,0.96855,1,1,0,8.00571,0.416796
-7.64509,0.999522,0.96855,1,3,0,7.79253,0.349465
-8.24106,0.83836,0.96855,1,3,0,8.59896,0.198202
-8.14098,0.899972,0.96855,1,3,0,9.6116,0.476221
-7.64108,1,0.96855,2,3,0,8.10905,0.323005
-8.12202,0.887916,0.96855,1,3,0,8.29357,0.473437
-7.94671,1,0.96855,2,3,0,8.1207,0.444574
-7.66184,1,0.96855,1,3,0,7.89429,0.363354
-8.7644,0.788043,0.96855,1,3,0,8.90433,0.548566
-8.51686,0.658476,0.96855,2,7,0,11.4429,0.174545
-7.70235,0.985729,0.96855,1,3,0,8.48906,0.285886
-7.73021,0.872513,0.96855,2,3,0,8.69635,0.276856
-7.68023,1,0.96855,1,1,0,7.72086,0.294706
-8.37261,0.908953,0.96855,2,3,0,8.51102,0.186152
-8.34017,1,0.96855,1,1,0,8.48602,0.188979
-7.69981,0.989296,0.96855,1,3,0,8.29758,0.286808
-7.70904,0.926832,0.96855,2,3,0,8.31427,0.385732
-7.69314,1,0.96855,2,3,0,7.71478,0.379371
-10.7769,0.606423,0.96855,2,7,0,10.7786,0.0798335
-11.6273,0.942954,0.96855,1,1,0,11.7502,0.06213
-10.4764,1,0.96855,1,1,0,11.5957,0.0875175
-7.63835,1,0.96855,2,3,0,9.93669,0.330746
-7.75209,0.973112,0.96855,1,3,0,7.78764,0.270765
-8.27749,0.92234,0.96855,2,3,0,8.50033,0.194701
-9.77736,0.891514,0.96855,2,7,0,9.80061,0.62837
-8.10166,0.799193,0.96855,1,3,0,11.7373,0.213048
-8.24515,0.803267,0.96855,2,3,0,10.9114,0.490663
-8.91746,0.946978,0.96855,2,3,0,8.96701,0.562731
-8.91746,0.48275,0.96855,1,1,0,11.2315,0.562731
-8.11552,1,0.96855,1,1,0,8.72884,0.47247
-8.01672,1,0.96855,1,1,0,8.16359,0.456877
-7.64213,0.997959,0.96855,1,3,0,7.99197,0.345512
-7.63951,0.962435,0.96855,2,3,0,7.89285,0.326309
-7.73624,0.975119,0.96855,1,3,0,7.77886,0.395175
-7.73624,0.974915,0.96855,1,1,0,7.82013,0.395175
-7.82104,0.938675,0.96855,1,3,0,8.16167,0.254979
-7.83408,0.841231,0.96855,2,3,0,9.4154,0.421454
-8.30677,0.88628,0.96855,1,1,0,8.30812,0.49862
-7.89257,1,0.96855,2,3,0,8.21034,0.434089
-7.99096,0.859878,0.96855,1,3,0,8.78573,0.22701
-7.98331,1,0.96855,1,1,0,8.05591,0.228069
-7.66777,0.995653,0.96855,1,3,0,7.95253,0.300807
-9.19654,0.804846,0.96855,2,3,0,9.30998,0.133713
-10.3178,0.886895,0.96855,1,1,0,10.3265,0.0919475
-10.2902,1,0.96855,1,1,0,10.6632,0.092748
-7.64202,1,0.96855,2,3,0,9.76532,0.345349
-7.64298,0.819709,0.96855,2,3,0,8.9424,0.320081
-7.89652,0.945561,0.96855,1,3,0,7.95576,0.241222
-7.66998,0.980234,0.96855,1,3,0,8.08355,0.368204
-7.74222,0.98259,0.96855,1,1,0,7.74236,0.397076
-8.38079,0.910823,0.96855,2,7,0,8.38299,0.185453
-10.6133,0.82882,0.96855,2,7,0,10.6226,0.677642
-8.96197,1,0.96855,1,1,0,10.2912,0.566671
-11.7439,0.513374,0.96855,1,1,0,11.7564,0.730431
-11.7439,0.601873,0.96855,1,1,0,14.3646,0.730431
-9.21604,1,0.96855,1,1,0,11.1953,0.587847
-9.42219,0.949952,0.96855,1,1,0,9.77547,0.603612
-9.42219,0.572314,0.96855,1,1,0,11.3508,0.603612
-7.64414,1,0.96855,2,3,0,9.36024,0.318574
-7.64247,1,0.96855,1,1,0,7.64437,0.320795
-7.64693,0.973425,0.96855,2,3,0,7.82969,0.351497
-7.64133,1,0.96855,1,1,0,7.64566,0.344212
-7.9747,0.91036,0.96855,1,3,0,8.15507,0.229278
-7.69582,0.970589,0.96855,1,3,0,8.26688,0.380503
-7.66805,1,0.96855,2,3,0,7.69147,0.367111
-7.70435,0.978343,0.96855,1,3,0,7.81381,0.285176
-8.1715,0.960325,0.96855,2,3,0,8.178,0.480597
-9.61754,0.690104,0.96855,1,1,0,9.61892,0.61757
-9.61949,0.999523,0.96855,1,1,0,10.1202,0.617706
-7.65374,0.982264,0.96855,1,3,0,9.85791,0.309622
-7.99032,0.951476,0.96855,2,3,0,8.06884,0.227097
-7.77828,1,0.96855,1,1,0,7.94965,0.264269
-7.79842,0.94159,0.96855,2,3,0,8.38954,0.412834
-8.21969,0.898434,0.96855,1,1,0,8.22011,0.487256
-8.22297,1,0.96855,2,7,0,8.22303,0.199993
-7.87693,0.907715,0.96855,2,7,0,9.06845,0.430863
-8.0367,0.960053,0.96855,1,1,0,8.06663,0.46018
-7.64176,1,0.96855,2,3,0,8.00355,0.321865
-7.7581,0.96893,0.96855,1,3,0,7.81954,0.401874
-7.96489,0.983101,0.96855,2,3,0,7.96829,0.447889
-8.08741,0.989684,0.96855,2,3,0,8.14374,0.46821
-8.10431,0.79543,0.96855,2,7,0,9.36369,0.21274
-8.12222,0.99788,0.96855,2,7,0,8.12329,0.473466
-8.47511,0.721418,0.96855,1,3,0,10.242,0.177757
-7.97838,0.889806,0.96855,1,3,0,9.70263,0.450292
-7.94175,0.843666,0.96855,2,3,0,9.22378,0.234086
-7.6585,0.996221,0.96855,1,3,0,7.91903,0.306292
-9.08122,0.707758,0.96855,1,3,0,9.60559,0.139473
-8.54725,1,0.96855,1,1,0,9.04058,0.172275
-9.25493,0.908252,0.96855,1,1,0,9.26815,0.130934
-8.43246,1,0.96855,1,1,0,9.14106,0.181158
-8.45249,0.995445,0.96855,2,7,0,8.46158,0.516061
-7.84178,0.917193,0.96855,2,3,0,9.25649,0.250916
-8.23367,0.96484,0.96855,2,7,0,8.24534,0.489135
-8.43569,0.983042,0.96855,2,3,0,8.54451,0.514136
-7.91062,1,0.96855,2,3,0,8.30727,0.437695
-7.72441,0.9535,0.96855,1,3,0,8.22544,0.278599
-7.82299,0.980144,0.96855,1,1,0,7.82531,0.254586
-7.91641,0.928839,0.96855,1,3,0,8.45654,0.438827
-8.05252,0.965776,0.96855,1,1,0,8.09495,0.462736
-7.72281,1,0.96855,2,7,0,7.97845,0.27909
-7.63973,0.99989,0.96855,2,3,0,7.72303,0.325753
-7.64111,0.922429,0.96855,2,3,0,8.18823,0.343826
-7.80678,0.95403,0.96855,1,3,0,7.90076,0.257926
-7.81891,0.878079,0.96855,2,3,0,9.02465,0.417889
-7.74532,1,0.96855,1,1,0,7.81301,0.398038
-7.80261,0.985825,0.96855,1,1,0,7.81737,0.413893
-8.06317,0.846862,0.96855,2,7,0,8.75843,0.217641
-7.67195,0.973486,0.96855,1,3,0,8.32278,0.369281
-7.66373,0.990719,0.96855,1,3,0,7.74373,0.303068
-8.43457,0.819317,0.96855,1,3,0,8.81949,0.514008
-8.10436,1,0.96855,1,1,0,8.4077,0.470795
-7.65571,0.981128,0.96855,2,3,0,8.24924,0.308186
-7.89436,0.963271,0.96855,2,3,0,7.96783,0.241581
-7.96162,0.916228,0.96855,1,3,0,8.66583,0.447299
-7.90573,1,0.96855,2,3,0,8.00131,0.436729
-7.89959,1,0.96855,1,1,0,7.96744,0.435506
-8.32656,0.752166,0.96855,2,7,0,9.48416,0.190191
-7.64021,1,0.96855,2,3,0,8.20613,0.342064
-8.32818,0.823602,0.96855,1,3,0,8.68977,0.190046
-8.01513,1,0.96855,1,1,0,8.28636,0.223752
-7.87403,0.978409,0.96855,2,3,0,8.31692,0.245045
-8.30876,0.96038,0.96855,2,7,0,8.3236,0.49887
-8.16289,1,0.96855,1,1,0,8.37242,0.479374
-7.83039,1,0.96855,2,3,0,8.08414,0.420601
-7.66202,1,0.96855,1,3,0,7.79464,0.363467
-8.54363,0.748208,0.96855,1,3,0,9.20424,0.172542
-7.68692,0.985232,0.96855,1,3,0,8.54034,0.291825
-7.83183,0.971713,0.96855,2,3,0,7.94242,0.252834
-8.05429,0.958946,0.96855,1,1,0,8.05757,0.218736
-7.81832,0.922324,0.96855,2,7,0,8.67044,0.417746
-7.83161,0.996658,0.96855,1,1,0,7.87264,0.420884
-7.70626,1,0.96855,2,3,0,7.80191,0.384672
-7.67989,1,0.96855,2,3,0,7.70473,0.373347
-7.63989,0.99979,0.96855,1,3,0,7.67519,0.341339
-7.76553,0.965732,0.96855,1,3,0,7.83217,0.267339
-7.90071,0.966537,0.96855,2,3,0,8.11118,0.240532
-10.9671,0.680866,0.96855,2,3,0,11.157,0.0753968
-8.06873,0.963761,0.96855,2,7,0,10.4383,0.465307
-7.92496,0.917715,0.96855,2,3,0,8.80763,0.440478
-7.77207,0.952656,0.96855,2,3,0,8.36129,0.265743
-7.97826,0.986859,0.96855,2,3,0,7.97869,0.228776
-7.77776,1,0.96855,1,1,0,7.94011,0.26439
-7.99472,0.910651,0.96855,1,3,0,8.49543,0.453141
-7.67548,1,0.96855,1,3,0,7.92836,0.371144
-8.46655,0.731198,0.96855,2,3,0,9.43489,0.17843
-7.65884,1,0.96855,2,3,0,8.40229,0.30607
-7.73553,0.972598,0.96855,1,3,0,7.83707,0.394947
-7.83277,0.951878,0.96855,2,3,0,8.11679,0.421152
-7.63973,0.998502,0.96855,1,3,0,7.82435,0.340959
-7.63973,0.604323,0.96855,1,3,0,9.83382,0.340959
-8.01272,0.918764,0.96855,1,3,0,8.08899,0.456207
-8.46805,0.889224,0.96855,1,1,0,8.49433,0.517825
-8.24502,1,0.96855,1,1,0,8.51836,0.490646
-7.99472,1,0.96855,1,1,0,8.22489,0.45314
-7.96191,1,0.96855,2,3,0,8.05935,0.447351
-8.9728,0.868155,0.96855,2,7,0,9.01949,0.145248
-8.2604,1,0.96855,1,1,0,8.86632,0.196327
-7.67456,0.990754,0.96855,1,3,0,8.23916,0.297348
-7.85851,0.970962,0.96855,1,3,0,7.86635,0.247809
-7.75038,1,0.96855,1,1,0,7.84129,0.271218
-7.64971,0.963056,0.96855,2,3,0,8.04768,0.354212
-7.7168,0.988182,0.96855,1,3,0,7.71838,0.388582
-7.88598,0.958765,0.96855,1,1,0,7.88675,0.432741
-7.73112,1,0.96855,1,1,0,7.85008,0.393507
-10.1511,0.679651,0.96855,2,7,0,10.1534,0.0969182
-7.63977,0.909557,0.96855,3,7,0,11.1165,0.341056
-7.70291,0.989149,0.96855,2,3,0,7.72618,0.383369
-7.80128,0.946154,0.96855,1,3,0,8.05944,0.2591
-8.11609,0.884732,0.96855,1,3,0,8.73434,0.472556
-7.79227,1,0.96855,1,1,0,8.03616,0.411258
-7.95908,0.891706,0.96855,1,3,0,8.5356,0.23152
-8.54403,0.948872,0.96855,2,7,0,8.56479,0.526198
-8.54403,0.686837,0.96855,1,1,0,9.69259,0.526198
-8.05084,1,0.96855,1,1,0,8.44666,0.462467
-8.07303,0.99431,0.96855,1,1,0,8.17124,0.46598
-7.76343,1,0.96855,2,7,0,8.00754,0.26786
-8.18308,0.868656,0.96855,1,3,0,8.75236,0.482224
-7.66805,0.967126,0.96855,1,3,0,8.38995,0.300661
-7.65588,0.996882,0.96855,2,3,0,7.70013,0.308068
-7.63935,0.998813,0.96855,1,3,0,7.66464,0.339979
-7.69833,0.987301,0.96855,1,3,0,7.70777,0.381537
-9.46862,0.748091,0.96855,2,3,0,9.46927,0.12146
-7.96919,0.968058,0.96855,1,3,0,9.37456,0.230061
-8.36142,0.929446,0.96855,2,3,0,8.79217,0.187118
-8.27631,0.963696,0.96855,2,3,0,9.02932,0.194813
-8.0822,1,0.96855,1,1,0,8.28081,0.215338
-7.89894,1,0.96855,1,1,0,8.06289,0.240822
-8.04371,0.991231,0.96855,2,3,0,8.06361,0.220062
-8.04371,0.789409,0.96855,1,3,0,9.91145,0.220062
-7.7084,0.965326,0.96855,2,3,0,8.45074,0.385491
-7.64764,0.992821,0.96855,1,3,0,7.75588,0.314789
-10.9031,0.59634,0.96855,2,3,0,10.9312,0.0768544
-11.5938,0.954317,0.96855,1,1,0,11.7629,0.0627325
-12.262,0.963109,0.96855,1,1,0,12.472,0.0518723
-8.64047,0.993221,0.96855,2,3,0,12.5214,0.16564
-7.96369,0.981837,0.96855,2,3,0,8.93122,0.230852
-8.19697,0.873019,0.96855,1,3,0,9.19194,0.484152
-8.26556,0.982434,0.96855,1,1,0,8.39106,0.493342
-7.68611,1,0.96855,1,3,0,8.15339,0.376276
-8.10186,0.857348,0.96855,1,3,0,8.54481,0.213025
-7.83446,1,0.96855,2,3,0,8.05291,0.252321
-8.07678,0.98517,0.96855,2,3,0,8.07907,0.215988
-8.04656,0.915817,0.96855,1,3,0,9.14548,0.461778
-8.08484,0.9902,0.96855,1,1,0,8.17832,0.467815
-7.64922,0.999199,0.96855,1,3,0,8.03527,0.353763
-7.64177,0.998236,0.96855,1,3,0,7.6623,0.321857
-8.59257,0.78633,0.96855,1,3,0,8.96644,0.16899
-8.49778,1,0.96855,2,3,0,8.70122,0.175999
-9.3672,0.887781,0.96855,1,1,0,9.36892,0.125827
-10.399,0.899977,0.96855,1,1,0,10.4215,0.0896429
-10.6295,0.96993,0.96855,2,7,0,10.6514,0.678495
-9.95222,1,0.96855,1,1,0,10.896,0.639616
-9.89009,1,0.96855,2,3,0,10.4886,0.635685
-7.99116,1,0.96855,2,3,0,9.52065,0.226982
-7.92351,1,0.96855,1,1,0,8.01787,0.236883
-8.14052,0.961601,0.96855,1,1,0,8.15351,0.208648
-7.64836,0.978956,0.96855,1,3,0,8.33183,0.352944
-7.89402,0.926808,0.96855,1,3,0,8.06965,0.241638
-7.90376,0.998159,0.96855,1,1,0,7.95297,0.240032
-7.97141,0.987495,0.96855,1,1,0,8.00716,0.229745
-8.00389,0.998038,0.96855,2,3,0,8.06073,0.225251
-10.0567,0.758424,0.96855,1,3,0,10.3914,0.0998877
-8.11695,0.957974,0.96855,1,3,0,9.98139,0.211289
-7.68258,1,0.96855,2,3,0,8.01956,0.374641
-8.13237,0.819419,0.96855,2,3,0,8.8294,0.209553
-7.65573,0.933015,0.96855,2,3,0,8.80522,0.359146
-7.65573,0.337881,0.96855,1,3,0,12.0546,0.359146
-7.63827,0.999523,0.96855,1,3,0,7.65871,0.331433
-7.63832,0.998056,0.96855,2,3,0,7.65097,0.331014
-7.63894,0.925311,0.96855,2,3,0,8.16022,0.338685
-7.6393,0.999648,0.96855,1,3,0,7.6416,0.326887
-7.65004,0.997996,0.96855,1,3,0,7.6508,0.312594
-8.20601,0.867057,0.96855,1,3,0,8.45596,0.485394
-10.5271,0.529543,0.96855,2,3,0,12.7234,0.673036
-9.40722,1,0.96855,2,3,0,10.4869,0.602505
-7.74484,0.924861,0.96855,1,3,0,10.0899,0.272705
-8.61584,0.862418,0.96855,1,3,0,8.72984,0.167347
-9.45996,0.964959,0.96855,2,3,0,9.46642,0.121825
-7.76793,0.988834,0.96855,2,7,0,9.09341,0.404692
-7.83794,0.98261,0.96855,1,1,0,7.85591,0.42234
-7.66908,0.977653,0.96855,1,3,0,7.98259,0.30011
-8.46516,0.913505,0.96855,2,3,0,8.53566,0.517498
-7.91072,1,0.96855,2,3,0,8.32799,0.437715
-7.67019,0.973895,0.96855,1,3,0,8.07642,0.29953
-7.65161,1,0.96855,1,1,0,7.66641,0.311279
-7.73361,0.973471,0.96855,1,3,0,7.81636,0.394324
-7.73196,0.753113,0.96855,2,3,0,9.48797,0.27634
-7.73664,0.971759,0.96855,1,3,0,7.97985,0.395306
-7.69567,1,0.96855,1,1,0,7.73283,0.380439
-8.24215,0.899852,0.96855,1,3,0,8.26453,0.490265
-8.24215,0.663917,0.96855,1,1,0,9.43733,0.490265
-8.26752,0.993465,0.96855,1,1,0,8.41432,0.493597
-8.24614,1,0.96855,2,7,0,8.25177,0.197705
-7.64974,0.991432,0.96855,1,3,0,8.27446,0.312857
-7.79998,0.984239,0.96855,2,3,0,7.80525,0.413229
-7.76322,1,0.96855,1,1,0,7.81324,0.403357
-8.00971,0.871146,0.96855,2,7,0,8.57303,0.224471
-8.00971,0.583105,0.96855,1,3,0,11.6423,0.224471
-7.75318,0.987159,0.96855,2,3,0,8.16408,0.270479
-7.8785,0.968695,0.96855,2,3,0,8.0727,0.244269
-8.64986,0.787699,0.96855,1,3,0,9.71526,0.537265
-7.74471,1,0.96855,2,3,0,8.47322,0.272741
-7.63983,0.995934,0.96855,1,3,0,7.77614,0.341202
-7.77004,0.971646,0.96855,1,3,0,7.79294,0.405285
-7.7454,0.972255,0.96855,2,3,0,8.02124,0.398063
-7.83412,0.950871,0.96855,2,3,0,8.13662,0.421464
-7.80939,0.922428,0.96855,2,3,0,8.45482,0.257377
-7.78247,0.952467,0.96855,2,7,0,8.19673,0.408679
-7.78247,0.795927,0.96855,1,3,0,8.9201,0.408679
-7.78247,0.861007,0.96855,1,3,0,8.59265,0.408679
-8.18236,0.815365,0.96855,1,3,0,8.94266,0.20415
-7.67103,0.874607,0.96855,2,3,0,9.43337,0.299097
-7.67103,0.816073,0.96855,1,3,0,8.70159,0.299097
-7.67443,0.901061,0.96855,2,3,0,8.44285,0.370596
-7.73036,0.971015,0.96855,1,3,0,7.87318,0.276811
-8.43387,0.888193,0.96855,1,3,0,8.51331,0.181043
-10.6967,0.810889,0.96855,2,3,0,11.2148,0.0817973
-10.4105,1,0.96855,2,3,0,10.9343,0.0893227
-9.98284,1,0.96855,1,1,0,10.5545,0.102297
-7.71336,0.947317,0.96855,1,3,0,10.3331,0.282105
-7.89902,0.963912,0.96855,2,3,0,8.05131,0.24081
-7.80142,1,0.96855,1,1,0,7.89283,0.25907
-8.00756,0.961226,0.96855,1,1,0,8.00957,0.224758
-7.73164,0.952074,0.96855,2,7,0,8.40531,0.393677
-7.65378,0.989213,0.96855,1,3,0,7.80329,0.309593
-7.74138,0.971324,0.96855,1,3,0,7.83349,0.396812
-8.12922,0.844763,0.96855,2,7,0,8.74487,0.209905
-8.2557,0.978999,0.96855,1,1,0,8.31451,0.196779
-7.70739,0.991076,0.96855,1,3,0,8.20247,0.284117
-7.63933,0.999243,0.96855,1,3,0,7.70635,0.326799
-7.67478,0.994314,0.96855,2,3,0,7.6852,0.297241
-7.67191,0.913656,0.96855,2,3,0,8.31614,0.298653
-7.81441,0.988977,0.96855,2,3,0,7.81442,0.416803
-7.7819,0.941494,0.96855,1,3,0,8.21713,0.263426
-7.6601,0.999612,0.96855,2,7,0,7.75412,0.362211
-7.6601,0.831648,0.96855,1,3,0,8.41209,0.362211
-7.71917,0.96416,0.96855,2,3,0,7.8934,0.28023
-7.64765,0.999361,0.96855,1,3,0,7.70791,0.314773
-7.6389,0.999937,0.96855,1,3,0,7.64643,0.328139
-7.64541,0.999299,0.96855,2,3,0,7.64549,0.349838
-7.95826,0.957536,0.96855,2,3,0,7.96806,0.23164
-8.01315,0.996686,0.96855,2,3,0,8.06158,0.224015
-7.83474,0.937503,0.96855,1,3,0,8.63702,0.421607
-7.80562,1,0.96855,1,1,0,7.86179,0.414644
-8.03158,0.981435,0.96855,2,3,0,8.04059,0.459341
-7.88311,1,0.96855,1,1,0,8.02655,0.43215
-7.84451,0.942641,0.96855,2,3,0,8.37926,0.423829
-7.64921,0.999814,0.96855,1,3,0,7.81468,0.35375
-8.51826,0.825947,0.96855,1,3,0,8.6516,0.5234
-7.95074,1,0.96855,1,1,0,8.38141,0.445317
-7.64408,1,0.96855,2,3,0,7.91418,0.318653
-7.69591,0.983921,0.96855,1,3,0,7.74038,0.380539
-7.64655,1,0.96855,1,3,0,7.68542,0.351098
-7.64655,0.641217,0.96855,1,3,0,9.50614,0.351098
-7.92648,0.918993,0.96855,1,3,0,8.11215,0.23642
-8.25583,0.943013,0.96855,1,1,0,8.2592,0.196767
-7.91768,1,0.96855,1,1,0,8.19777,0.237798
-7.64902,0.937825,0.96855,2,3,0,8.46866,0.353572
-7.64436,1,0.96855,1,1,0,7.6485,0.348589
-7.75375,0.986034,0.96855,2,3,0,7.7559,0.27033
-8.73765,0.84517,0.96855,1,3,0,8.87808,0.159196
-7.88431,0.866139,0.96855,2,7,0,9.92909,0.432396
-8.03255,0.962868,0.96855,1,1,0,8.06571,0.4595
-8.03255,0.601989,0.96855,1,3,0,10.2969,0.4595
-9.05168,0.916741,0.96855,2,3,0,9.0536,0.574393
-8.35266,1,0.96855,1,1,0,8.93972,0.504305
-7.66666,1,0.96855,2,3,0,8.25359,0.301414
-11.7029,0.529805,0.96855,2,3,0,11.7217,0.0607928
-11.33,1,0.96855,1,1,0,11.971,0.0677285
-10.6319,1,0.96855,1,1,0,11.4312,0.0834318
-7.66292,0.913163,0.96855,1,3,0,12.2344,0.364037
-7.66292,0.736777,0.96855,1,3,0,8.90693,0.364037
-7.87137,0.961434,0.96855,1,3,0,7.87964,0.429691
-9.68743,0.743585,0.96855,2,7,0,9.71132,0.112747
-9.82609,0.986031,0.96855,1,1,0,10.0758,0.10767
-7.75672,0.953761,0.96855,1,3,0,10.0226,0.269561
-7.9459,0.963377,0.96855,1,1,0,7.9462,0.233464
-7.71635,0.971573,0.96855,1,3,0,8.27571,0.388421
-7.70045,1,0.96855,1,1,0,7.72381,0.382392
-8.40315,0.870718,0.96855,1,3,0,8.43788,0.51035
-8.30465,1,0.96855,1,1,0,8.52447,0.498353
-8.93737,0.84968,0.96855,1,1,0,9.00259,0.564502
-7.70548,0.946807,0.96855,2,3,0,9.39722,0.284778
-8.5202,0.858817,0.96855,1,3,0,8.65577,0.174292
-9.98808,0.883018,0.96855,2,7,0,10.0688,0.641853
-9.22835,1,0.96855,1,1,0,10.0502,0.588821
-8.99017,1,0.96855,1,1,0,9.4589,0.569129
-7.64006,0.988035,0.96855,1,3,0,9.06737,0.325006
-7.64304,0.963525,0.96855,2,3,0,7.89268,0.34685
-7.81773,0.949926,0.96855,1,3,0,7.92753,0.255652
-7.68885,0.979264,0.96855,1,3,0,8.01917,0.377507
-7.72234,0.972215,0.96855,1,3,0,7.88633,0.279236
-7.72234,0.819744,0.96855,1,3,0,8.86257,0.279236
-7.92139,0.925933,0.96855,1,3,0,8.26413,0.439791
-7.88495,0.694718,0.96855,2,3,0,10.2102,0.243164
-8.0008,0.909578,0.96855,1,3,0,8.71505,0.454183
-8.36745,0.909844,0.96855,1,1,0,8.3997,0.506098
-8.65004,0.929687,0.96855,1,1,0,8.7778,0.537283
-7.65972,0.969704,0.96855,1,3,0,8.86908,0.305507
-9.39,0.659015,0.96855,1,3,0,10.0563,0.601224
-7.70213,0.948169,0.96855,1,3,0,9.88844,0.285965
-7.70406,0.999863,0.96855,2,7,0,7.70406,0.383823
-7.88077,0.95712,0.96855,1,1,0,7.88081,0.431665
-7.78965,0.935295,0.96855,1,3,0,8.33666,0.261658
-7.63871,1,0.96855,2,3,0,7.77832,0.328872
-8.96346,0.693392,0.96855,1,3,0,9.60885,0.145763
-9.80739,0.905722,0.96855,1,1,0,9.83031,0.108336
-9.26059,1,0.96855,1,1,0,9.83986,0.130669
-7.69653,1,0.96855,2,3,0,8.9232,0.380795
-7.81434,0.971349,0.96855,1,1,0,7.81507,0.416786
-7.84463,0.911609,0.96855,2,7,0,8.34798,0.250377
-8.18762,0.872276,0.96855,1,3,0,8.93705,0.482856
-7.88259,1,0.96855,1,1,0,8.12532,0.432041
-9.10296,0.824684,0.96855,2,7,0,9.1272,0.138358
-7.72019,1,0.96855,2,3,0,9.00941,0.279907
-7.7231,0.869634,0.96855,2,3,0,8.84216,0.390797
-7.70681,1,0.96855,1,1,0,7.7319,0.384885
-7.66911,1,0.96855,1,1,0,7.6993,0.367714
-7.64023,0.998931,0.96855,2,3,0,7.67707,0.342116
-7.6613,0.975698,0.96855,2,3,0,7.79498,0.30452
-7.813,0.846362,0.96855,2,3,0,8.76143,0.256624
-7.63879,0.919535,0.96855,2,3,0,8.46334,0.328561
-8.7338,0.850787,0.96855,2,3,0,8.79076,0.159443
-7.65313,0.982315,0.96855,1,3,0,8.85631,0.310083
-7.66038,0.962922,0.96855,2,3,0,7.92932,0.362398
-7.66038,0.833673,0.96855,1,3,0,8.40228,0.362398
-8.51131,0.75748,0.96855,1,3,0,9.14004,0.174965
-7.94808,0.863764,0.96855,2,7,0,9.69906,0.444827
-8.17941,0.858263,0.96855,2,3,0,9.0683,0.481709
-7.87274,1,0.96855,1,1,0,8.11493,0.429981
-8.08228,0.82778,0.96855,2,7,0,8.93592,0.215329
-7.94603,1,0.96855,1,1,0,8.08607,0.233445
-7.95674,0.932471,0.96855,1,3,0,8.75095,0.446415
-8.80002,0.624154,0.96855,1,3,0,10.5884,0.155285
-8.92895,0.982997,0.96855,1,1,0,9.08203,0.147693
-9.30342,0.954697,0.96855,1,1,0,9.40411,0.128692
-8.44236,1,0.96855,1,1,0,9.18398,0.180357
-7.64619,0.969248,0.96855,1,3,0,8.72423,0.350709
-7.85332,0.957676,0.96855,1,3,0,7.87623,0.425792
-7.71662,1,0.96855,1,1,0,7.8213,0.388518
-7.71097,0.976931,0.96855,1,3,0,7.91201,0.282898
-7.66197,1,0.96855,1,1,0,7.7004,0.304114
-7.63976,0.999498,0.96855,2,3,0,7.66593,0.325688
-7.70625,0.989745,0.96855,2,3,0,7.723,0.284509
-7.64961,0.993379,0.96855,1,3,0,7.76192,0.354124
-7.64961,0.727707,0.96855,1,3,0,8.96703,0.354124
-7.64548,0.996167,0.96855,2,3,0,7.68111,0.31702
-7.65115,0.980238,0.96855,2,3,0,7.78922,0.355488
-7.64594,0.991327,0.96855,2,3,0,7.71477,0.316517
-7.64594,0.863092,0.96855,1,3,0,8.33715,0.316517
-9.56912,0.539035,0.96855,2,3,0,11.2993,0.117345
-10.9255,0.880034,0.96855,1,1,0,10.93,0.0763415
-9.31192,0.980939,0.96855,2,3,0,11.6895,0.128304
-7.78041,0.989701,0.96855,2,7,0,8.97993,0.408125
-8.32035,0.778826,0.96855,1,3,0,9.19962,0.19075
-7.77124,0.98937,0.96855,2,3,0,8.45138,0.265944
-7.6566,0.965476,0.96855,2,3,0,8.06179,0.359782
-7.88689,0.925824,0.96855,1,3,0,8.0895,0.242835
-7.9152,0.830756,0.96855,2,3,0,9.74554,0.438593
-8.09815,0.954233,0.96855,1,1,0,8.13354,0.469853
-8.09815,0.691627,0.96855,1,1,0,9.16404,0.469853
-8.09815,0.92781,0.96855,1,1,0,8.37576,0.469853
-9.75323,0.761767,0.96855,2,7,0,9.84362,0.110298
-9.93122,0.98253,0.96855,1,1,0,10.1735,0.104026
-7.69937,1,0.96855,2,3,0,9.62823,0.286967
-8.06636,0.765199,0.96855,2,3,0,9.50739,0.21725
-7.75613,0.956499,0.96855,1,3,0,8.55294,0.401297
-8.29737,0.928099,0.96855,2,7,0,8.30106,0.497431
-8.74834,0.890191,0.96855,1,1,0,8.83401,0.547021
-7.82321,1,0.96855,2,3,0,8.55214,0.254541
-7.64319,0.999689,0.96855,2,3,0,7.82377,0.319791
-7.9242,0.939529,0.96855,1,3,0,7.9919,0.236774
-7.76426,1,0.96855,1,1,0,7.89457,0.267654
-8.01307,0.905833,0.96855,1,3,0,8.4959,0.456264
-7.87615,0.895443,0.96855,1,3,0,8.7328,0.244675
-8.03123,0.904738,0.96855,1,3,0,8.74917,0.459283
-8.7457,0.636671,0.96855,1,3,0,10.643,0.158682
-8.69243,0.957319,0.96855,2,3,0,9.70466,0.162139
-9.52629,0.966182,0.96855,2,3,0,9.5366,0.119074
-7.88158,0.964706,0.96855,1,3,0,9.49378,0.243739
-8.70931,0.895153,0.96855,1,3,0,8.74736,0.161029
-7.77487,0.982212,0.96855,1,3,0,8.63939,0.265073
-7.64314,0.948391,0.96855,2,3,0,8.18636,0.346984
-8.59546,0.807253,0.96855,1,3,0,8.77212,0.531657
-8.21211,1,0.96855,1,1,0,8.57201,0.486227
-8.21211,0.782745,0.96855,1,1,0,8.94193,0.486227
-7.65165,1,0.96855,2,3,0,8.14528,0.311248
-7.63905,0.970262,0.96855,2,3,0,7.85529,0.327637
-8.42728,0.828627,0.96855,1,3,0,8.65898,0.513166
-8.43497,1,0.96855,2,7,0,8.43504,0.180954
-7.68816,0.954937,0.96855,1,3,0,8.9099,0.377202
-8.1011,0.924739,0.96855,1,3,0,8.11539,0.470301
-7.72425,1,0.96855,2,3,0,8.01681,0.278648
-7.67988,1,0.96855,2,3,0,7.71649,0.294866
-7.65618,0.923916,0.96855,2,3,0,8.23877,0.307858
-8.17891,0.871412,0.96855,1,3,0,8.44709,0.48164
-7.71492,0.944244,0.96855,1,3,0,8.54419,0.281594
-7.72824,0.941661,0.96855,2,3,0,8.23428,0.392549
-7.8258,0.931322,0.96855,2,7,0,8.15534,0.254025
-7.69667,0.979848,0.96855,1,3,0,8.04933,0.380855
-7.76815,0.954085,0.96855,2,7,0,7.98622,0.266695
-8.40565,0.910088,0.96855,1,3,0,8.44863,0.183361
-7.82068,0.927611,0.96855,1,3,0,9.23751,0.418312
-8.67403,0.681007,0.96855,2,7,0,9.98926,0.163364
-7.63871,1,0.96855,2,3,0,8.50961,0.328858
-7.8249,0.95505,0.96855,1,3,0,7.88884,0.419314
-7.95208,0.917483,0.96855,2,3,0,8.4755,0.445562
-8.21906,0.933694,0.96855,1,1,0,8.25207,0.48717
-7.72307,1,0.96855,2,3,0,8.11169,0.27901
-7.68532,0.985318,0.96855,1,3,0,7.8675,0.375914
-9.05855,0.747565,0.96855,1,3,0,9.19739,0.574973
-8.73436,0.564407,0.96855,1,3,0,12.4717,0.159407
-8.54552,1,0.96855,1,1,0,8.80973,0.172403
-8.94003,0.982102,0.96855,2,3,0,8.99583,0.147069
-9.07796,0.982625,0.96855,1,1,0,9.24573,0.139642
-8.86327,1,0.96855,1,1,0,9.18552,0.151482
-8.42816,1,0.96855,1,1,0,8.83694,0.181508
-8.37136,1,0.96855,1,1,0,8.53497,0.18626
-8.03135,1,0.96855,1,1,0,8.32425,0.221638
-7.78339,1,0.96855,1,1,0,7.98351,0.263081
-7.63842,0.996594,0.96855,1,3,0,7.81027,0.336358
-7.66313,0.965308,0.96855,2,3,0,7.86018,0.303422
-7.93155,0.924529,0.96855,1,3,0,8.13309,0.441734
-8.24146,0.974499,0.96855,2,3,0,8.2658,0.490173
-7.65762,0.97306,0.96855,1,3,0,8.41115,0.306876
-8.58361,0.792225,0.96855,1,3,0,8.98953,0.530413
-8.42418,0.813656,0.96855,2,3,0,10.3857,0.512807
-7.96775,0.848264,0.96855,1,3,0,9.5515,0.230268
-8.00636,0.993003,0.96855,1,1,0,8.06083,0.224919
-7.75226,0.987207,0.96855,2,3,0,8.15991,0.270721
-8.65723,0.885362,0.96855,2,3,0,8.88211,0.164496
-8.24724,1,0.96855,1,1,0,8.61643,0.197599
-8.23022,0.856036,0.96855,1,3,0,9.78355,0.488674
-8.23022,0.749251,0.96855,1,3,0,10.072,0.488674
-10.7171,0.670807,0.96855,2,7,0,10.8809,0.0812925
-9.78125,1,0.96855,2,3,0,10.6869,0.109277
-7.67435,0.932471,0.96855,1,3,0,10.9006,0.370556
-8.23975,0.891934,0.96855,1,3,0,8.27959,0.489946
-8.23975,0.460134,0.96855,1,3,0,11.5703,0.489946
-8.03717,1,0.96855,1,1,0,8.24838,0.460255
-9.2634,0.839649,0.96855,2,7,0,9.33146,0.130538
-7.64218,0.962857,0.96855,2,3,0,9.84529,0.345589
-7.65194,0.997709,0.96855,1,1,0,7.65194,0.356158
-7.72812,0.972146,0.96855,1,3,0,7.81836,0.277476
-7.7293,0.812344,0.96855,2,3,0,9.37797,0.392901
-8.90436,0.830314,0.96855,2,7,0,8.90444,0.149093
-8.84456,1,0.96855,1,1,0,9.07793,0.15259
-8.76016,1,0.96855,2,3,0,8.99525,0.157766
-7.79969,0.921266,0.96855,1,3,0,9.74804,0.413156
-7.73162,1,0.96855,1,1,0,7.79303,0.393671
-7.7374,0.998574,0.96855,1,1,0,7.75857,0.395549
-9.66665,0.726825,0.96855,2,7,0,9.81781,0.620946
-8.75117,1,0.96855,2,3,0,9.55913,0.547293
-8.14794,1,0.96855,1,1,0,8.63336,0.477231
-7.67691,1,0.96855,1,3,0,8.05831,0.371872
-7.74463,0.983617,0.96855,1,1,0,7.74545,0.397826
-7.70008,1,0.96855,1,1,0,7.74037,0.382245
-7.88577,0.919236,0.96855,1,3,0,8.20536,0.243024
-7.63857,0.997106,0.96855,1,3,0,7.91128,0.329473
-7.65238,0.997763,0.96855,2,3,0,7.65652,0.310668
-7.67475,0.998367,0.96855,2,3,0,7.67494,0.297253
-7.68178,0.928742,0.96855,2,3,0,8.23637,0.374257
-8.34618,0.874339,0.96855,1,3,0,8.39116,0.503514
-7.78266,0.935951,0.96855,2,3,0,8.87456,0.408731
-7.67982,1,0.96855,2,3,0,7.75756,0.373313
-7.66863,0.986304,0.96855,2,3,0,7.79499,0.300349
-8.82751,0.770725,0.96855,1,3,0,9.1747,0.153613
-8.36138,1,0.96855,1,1,0,8.78453,0.187121
-9.19219,0.962366,0.96855,2,3,0,9.1925,0.133924
-7.63848,1,0.96855,2,3,0,8.91987,0.329966
-10.5038,0.393885,0.96855,1,3,0,12.3737,0.0867798
-8.22795,0.997351,0.96855,2,3,0,10.5829,0.199497
-8.54481,0.951239,0.96855,1,1,0,8.57914,0.172455
-7.91579,0.982941,0.96855,2,3,0,8.8037,0.238097
-7.7258,0.958067,0.96855,2,7,0,8.25203,0.391722
-7.77716,0.953648,0.96855,1,3,0,8.05822,0.264532
-7.74324,0.971772,0.96855,1,3,0,8.06878,0.397393
-7.67046,1,0.96855,2,7,0,7.72813,0.299392
-7.67003,1,0.96855,2,3,0,7.6773,0.299617
-7.72091,0.989174,0.96855,1,1,0,7.7212,0.279681
-7.75222,0.993557,0.96855,1,1,0,7.7626,0.270731
-7.75222,0.760203,0.96855,1,3,0,9.23488,0.270731
-7.6858,0.992554,0.96855,2,3,0,7.83218,0.292289
-7.69283,0.998502,0.96855,1,1,0,7.70143,0.289445
-7.69585,0.88601,0.96855,2,3,0,8.62533,0.380513
-7.71627,0.972644,0.96855,1,3,0,7.88738,0.281156
-7.74593,0.993873,0.96855,1,1,0,7.75576,0.272409
-7.79144,0.996941,0.96855,2,3,0,7.80373,0.261258
-7.68125,0.979456,0.96855,2,3,0,8.00035,0.374008
-7.76722,0.979178,0.96855,1,1,0,7.76774,0.404494
-7.94957,0.95512,0.96855,1,1,0,7.95567,0.445102
-8.9447,0.856212,0.96855,2,7,0,8.98802,0.146807
-7.92802,0.991989,0.96855,2,7,0,8.75398,0.441063
-8.01496,0.897642,0.96855,2,3,0,8.75685,0.456582
-8.17218,0.960342,0.96855,1,1,0,8.23489,0.480692
-7.67427,1,0.96855,1,3,0,8.08119,0.370513
-7.67053,0.888638,0.96855,2,3,0,8.43155,0.299354
-7.71111,0.988525,0.96855,2,3,0,7.77721,0.282851
-7.71196,0.999822,0.96855,1,1,0,7.72753,0.282568
-7.67017,0.99457,0.96855,2,3,0,7.76841,0.299543
-7.67501,0.998952,0.96855,1,1,0,7.68083,0.297128
-7.64903,0.995121,0.96855,1,3,0,7.71658,0.353577
-7.64309,0.9979,0.96855,1,3,0,7.66504,0.319929
-7.98342,0.926043,0.96855,1,3,0,8.07228,0.228054
-7.63818,0.993143,0.96855,1,3,0,8.04243,0.334036
-7.6777,0.990674,0.96855,1,3,0,7.68867,0.372269
-8.52466,0.744889,0.96855,1,3,0,9.24716,0.173957
-7.64764,0.986807,0.96855,1,3,0,8.61915,0.31479
-8.74037,0.865365,0.96855,2,3,0,8.9234,0.546248
-8.05665,1,0.96855,2,3,0,8.58094,0.463396
-7.79571,0.920747,0.96855,1,3,0,8.60441,0.260312
-8.84831,0.871822,0.96855,2,3,0,9.11186,0.152367
-7.65887,0.979533,0.96855,1,3,0,8.97887,0.306048
-8.61888,0.804297,0.96855,1,3,0,8.90445,0.167135
-7.63821,1,0.96855,2,3,0,8.4587,0.332127
-7.89941,0.962471,0.96855,2,3,0,7.95424,0.43547
-7.66252,0.98516,0.96855,2,3,0,8.00861,0.363788
-7.8883,0.971423,0.96855,2,3,0,7.88879,0.242596
-7.97772,0.983449,0.96855,1,1,0,8.00606,0.228851
-11.3826,0.56573,0.96855,2,3,0,12.4865,0.0666968
-9.06845,0.98977,0.96855,2,3,0,11.8399,0.140134
-7.87108,0.975516,0.96855,1,3,0,8.97732,0.245562
-8.02758,0.971273,0.96855,1,1,0,8.04182,0.222125
-7.81625,1,0.96855,1,1,0,7.99016,0.255955
-7.67703,0.972356,0.96855,2,3,0,8.08218,0.371931
-8.46219,0.850279,0.96855,1,3,0,8.52765,0.517162
-8.49906,0.996842,0.96855,2,3,0,8.7,0.521289
-8.32244,0.791521,0.96855,2,3,0,10.5925,0.190561
-9.30917,0.744586,0.96855,1,3,0,11.7236,0.595111
-7.66819,1,0.96855,1,3,0,9.11716,0.367195
-7.67454,0.985682,0.96855,2,7,0,7.75896,0.297357
-8.55895,0.830539,0.96855,1,3,0,8.76935,0.171416
-8.59778,0.994953,0.96855,2,7,0,8.60324,0.5319
-9.0252,0.896446,0.96855,1,1,0,9.18418,0.572144
-7.83793,0.910461,0.96855,2,3,0,9.79798,0.422339
-7.78616,1,0.96855,1,1,0,7.85016,0.409658
-7.78381,1,0.96855,1,1,0,7.82054,0.409035
-7.94626,0.959833,0.96855,1,1,0,7.95672,0.444491
-7.63926,0.997392,0.96855,1,3,0,7.93931,0.339719
-7.88341,0.966287,0.96855,2,3,0,7.89976,0.243425
-8.63427,0.935407,0.96855,2,7,0,8.63597,0.535675
-8.04092,1,0.96855,1,1,0,8.50162,0.460866
-7.7627,1,0.96855,2,7,0,7.98383,0.268043
-7.92561,0.968413,0.96855,1,1,0,7.92719,0.236556
-7.86145,0.928641,0.96855,2,7,0,8.54208,0.427566
-7.63896,0.997965,0.96855,1,3,0,7.85767,0.338744
-8.53132,0.814372,0.96855,1,3,0,8.73233,0.524823
-8.02543,1,0.96855,1,1,0,8.42518,0.458327
-7.84508,1,0.96855,1,1,0,8.00009,0.423958
-7.71573,0.960941,0.96855,1,3,0,8.11369,0.281331
-7.67753,1,0.96855,1,1,0,7.70952,0.29594
-8.05191,0.934566,0.96855,1,3,0,8.09296,0.219033
-8.06544,0.997617,0.96855,1,1,0,8.1422,0.217363
-8.26768,0.857768,0.96855,1,3,0,9.50641,0.493618
-8.02588,0.544816,0.96855,2,3,0,12.187,0.222345
-7.64081,0.995165,0.96855,1,3,0,8.05543,0.323489
-7.82118,0.960489,0.96855,1,3,0,7.86434,0.254951
-7.73975,0.969392,0.96855,1,3,0,8.13388,0.396299
-7.81292,0.93736,0.96855,1,3,0,8.1527,0.256641
-7.64808,0.998045,0.96855,1,3,0,7.79937,0.31437
-7.6543,0.967692,0.96855,2,3,0,7.8834,0.358055
-7.65001,1,0.96855,1,1,0,7.65511,0.354484
-8.01195,0.950975,0.96855,2,3,0,8.01976,0.224173
-7.65303,0.999425,0.96855,2,3,0,8.01187,0.310164
-7.77027,0.979313,0.96855,1,3,0,7.77861,0.266179
-7.8473,0.994941,0.96855,2,3,0,7.85839,0.249875
-7.69797,0.975804,0.96855,1,3,0,8.08457,0.381389
-7.68205,1,0.96855,1,1,0,7.70113,0.374387
-7.72929,0.969931,0.96855,1,3,0,7.88637,0.277128
-8.32792,0.906974,0.96855,1,3,0,8.38281,0.190069
-7.74945,0.944708,0.96855,1,3,0,8.9369,0.399302
-7.63835,0.998776,0.96855,1,3,0,7.75093,0.335885
-8.01188,0.80525,0.96855,2,3,0,8.9308,0.224182
-8.03918,0.99513,0.96855,1,1,0,8.10472,0.220636
-7.63955,0.98853,0.96855,1,3,0,8.13784,0.340509
-7.67339,0.993974,0.96855,2,3,0,7.68734,0.370052
-7.70357,0.992707,0.96855,1,1,0,7.70667,0.383632
-7.89952,0.94042,0.96855,2,3,0,8.16144,0.435492
-7.83424,1,0.96855,1,1,0,7.91744,0.421491
-8.18807,0.971236,0.96855,2,3,0,8.19347,0.482918
-8.23605,0.987683,0.96855,1,1,0,8.36376,0.489453
-7.7048,0.960254,0.96855,2,3,0,8.53789,0.384109
-7.71647,0.971811,0.96855,1,3,0,7.90328,0.281093
-8.25002,0.853664,0.96855,1,3,0,8.73391,0.491306
-7.63993,0.995883,0.96855,1,3,0,8.23199,0.341442
-7.64034,0.999906,0.96855,1,1,0,7.64065,0.342332
-8.64424,0.747109,0.96855,1,3,0,9.19908,0.165382
-8.34846,1,0.96855,2,3,0,8.65186,0.188248
-11.4491,0.718651,0.96855,1,3,0,12.0504,0.0654171
-10.3187,1,0.96855,2,3,0,11.4121,0.0919201
-7.73058,0.990252,0.96855,2,7,0,9.77067,0.393329
-7.73396,0.964053,0.96855,1,3,0,7.98161,0.27576
-7.68275,0.889647,0.96855,2,3,0,8.60991,0.293595
-8.47812,0.918742,0.96855,2,3,0,8.53128,0.518957
-8.93724,0.888811,0.96855,1,1,0,9.06306,0.564491
-8.95788,1,0.96855,2,7,0,8.95855,0.146073
-8.56889,1,0.96855,2,3,0,8.9632,0.170692
-7.64953,0.961979,0.96855,1,3,0,8.92203,0.354047
-7.64954,0.999998,0.96855,1,1,0,7.6522,0.354055
-7.79277,0.954195,0.96855,1,3,0,7.9148,0.260962
-7.64725,0.99079,0.96855,1,3,0,7.86986,0.351838
-8.1737,0.927341,0.96855,2,3,0,8.18827,0.205062
-8.10427,1,0.96855,1,1,0,8.23127,0.212745
-7.90309,1,0.96855,1,1,0,8.08007,0.240142
-8.19045,0.949374,0.96855,1,1,0,8.19484,0.203306
-8.08808,1,0.96855,2,3,0,8.23114,0.21464
-8.08808,0.684881,0.96855,1,3,0,11.0158,0.21464
-8.10147,0.997674,0.96855,1,1,0,8.18459,0.213069
-7.94479,0.925287,0.96855,1,3,0,9.0006,0.444217
-8.22001,0.775135,0.96855,2,7,0,9.35687,0.200289
-7.64705,0.976943,0.96855,1,3,0,8.43019,0.351627
-7.65366,0.998439,0.96855,1,1,0,7.6545,0.357554
-9.10929,0.796028,0.96855,2,3,0,9.12448,0.138036
-9.39545,0.988906,0.96855,2,3,0,9.53822,0.124588
-7.75459,1,0.96855,2,3,0,9.28292,0.270111
-7.80519,0.955348,0.96855,1,3,0,8.14063,0.414536
-7.63845,0.999789,0.96855,2,3,0,7.80873,0.336586
-7.63845,0.685543,0.96855,1,3,0,9.27146,0.336586
-8.86448,0.753526,0.96855,1,3,0,9.15411,0.557939
-7.63817,0.999351,0.96855,2,3,0,8.88993,0.333269
-7.65736,0.995325,0.96855,1,3,0,7.66371,0.307049
-7.67586,0.995969,0.96855,1,1,0,7.6769,0.296723
-7.67387,0.792403,0.96855,2,3,0,9.38024,0.370307
-7.67387,0.884384,0.96855,1,3,0,8.17343,0.370307
-7.64498,0.995665,0.96855,1,3,0,7.70384,0.317583
-7.76554,0.96632,0.96855,1,3,0,7.84225,0.404017
-7.75676,0.855551,0.96855,2,3,0,8.78391,0.269551
-7.89873,0.972254,0.96855,1,1,0,7.90107,0.240857
-8.01616,0.97852,0.96855,1,1,0,8.04074,0.223616
-8.31707,0.949637,0.96855,1,1,0,8.33037,0.191046
-8.52771,0.967939,0.96855,1,1,0,8.59406,0.173728
-9.37323,0.891633,0.96855,1,1,0,9.37662,0.125561
-9.83731,0.951543,0.96855,1,1,0,9.9588,0.107273
-9.5129,1,0.96855,1,1,0,9.97575,0.119622
-8.96303,1,0.96855,1,1,0,9.51319,0.145787
-9.71805,0.914661,0.96855,1,1,0,9.7516,0.111598
-7.94264,0.987927,0.96855,2,7,0,9.36646,0.443818
-7.71803,1,0.96855,1,1,0,7.88662,0.389023
-8.17312,0.937338,0.96855,2,7,0,8.17435,0.205123
-7.63889,0.985759,0.96855,1,3,0,8.2978,0.338523
-8.2563,0.867381,0.96855,1,3,0,8.3957,0.492131
-7.86196,0.888341,0.96855,1,3,0,9.04752,0.247185
-8.10154,0.956582,0.96855,1,1,0,8.10607,0.213061
-7.64318,0.98332,0.96855,1,3,0,8.24888,0.347052
-7.74892,0.986383,0.96855,2,3,0,7.75156,0.271604
-7.72268,0.977087,0.96855,1,3,0,7.98271,0.390653
-7.71742,0.970193,0.96855,1,3,0,7.93503,0.280787
-7.71482,0.974608,0.96855,2,7,0,7.91502,0.387869
-7.90857,0.952905,0.96855,1,1,0,7.90874,0.437292
-7.90857,0.668294,0.96855,1,3,0,9.85441,0.437292
-7.64281,0.998707,0.96855,1,3,0,7.88601,0.346532
-7.6453,0.997852,0.96855,1,3,0,7.65949,0.317224
-7.95818,0.962114,0.96855,2,3,0,7.99052,0.446676
-8.71493,0.822924,0.96855,1,1,0,8.71795,0.543765
-7.63865,0.99542,0.96855,2,3,0,8.761,0.337536
-7.7391,0.912692,0.96855,2,3,0,8.19962,0.274295
-7.73994,0.999827,0.96855,1,1,0,7.76132,0.274059
-7.79807,0.98828,0.96855,1,1,0,7.80717,0.259796
-7.81855,0.93338,0.96855,2,3,0,8.50925,0.417803
-7.79374,1,0.96855,2,3,0,7.84466,0.411637
-7.63859,0.99844,0.96855,1,3,0,7.79309,0.337299
-7.63867,0.999851,0.96855,1,3,0,7.63983,0.329048
-7.9067,0.962876,0.96855,2,3,0,7.95548,0.436922
-8.67051,0.821731,0.96855,1,1,0,8.67082,0.539351
-8.02046,0.886665,0.96855,2,3,0,9.78072,0.457501
-8.20348,0.811151,0.96855,1,3,0,9.46343,0.201964
-7.72647,0.997901,0.96855,2,7,0,8.09782,0.391952
-7.65624,0.988603,0.96855,1,3,0,7.80336,0.307815
-7.6397,0.999876,0.96855,1,3,0,7.65385,0.325841
-8.21667,0.922059,0.96855,2,3,0,8.32772,0.486847
-7.80032,1,0.96855,1,1,0,8.11137,0.413316
-7.65053,1,0.96855,1,3,0,7.77403,0.354949
-7.8497,0.960655,0.96855,1,3,0,7.86584,0.42499
-7.64064,0.998613,0.96855,1,3,0,7.83682,0.342949
-7.81043,0.963397,0.96855,1,3,0,7.83872,0.415831
-7.68465,1,0.96855,1,1,0,7.77953,0.375608
-7.7706,0.970002,0.96855,2,3,0,7.92284,0.405442
-8.10051,0.842776,0.96855,1,3,0,8.76052,0.213181
-8.73379,0.967578,0.96855,2,3,0,8.7338,0.159444
-7.65171,1,0.96855,2,3,0,8.51631,0.355963
-7.64862,1,0.96855,2,3,0,7.65272,0.353194
-7.91232,0.921741,0.96855,1,3,0,8.09953,0.238652
-8.78606,0.926479,0.96855,2,7,0,8.78727,0.550632
-7.72031,1,0.96855,1,3,0,8.57613,0.389827
-7.70381,0.965369,0.96855,2,3,0,7.9929,0.285365
-7.75387,0.989641,0.96855,1,1,0,7.7583,0.2703
-8.07593,0.944535,0.96855,2,3,0,8.29112,0.21609
-7.64069,0.994509,0.96855,1,3,0,8.1149,0.323722
-8.04816,0.903836,0.96855,1,3,0,8.19523,0.462037
-7.65581,1,0.96855,1,3,0,7.99028,0.359204
-8.6048,0.835667,0.96855,2,3,0,9.01206,0.532631
-8.22362,1,0.96855,1,1,0,8.58482,0.487786
-7.78931,1,0.96855,1,1,0,8.11337,0.410487
-7.7668,0.944354,0.96855,2,3,0,8.23992,0.267026
-8.32238,0.961436,0.96855,2,3,0,8.32282,0.500576
-9.2978,0.778737,0.96855,1,1,0,9.33511,0.594238
-10.5153,0.745777,0.96855,1,1,0,10.7071,0.672399
-12.0218,0.723171,0.96855,1,1,0,12.3978,0.741603
-10.3767,1,0.96855,1,1,0,11.9917,0.664769
# 
#  Elapsed Time: 0.022 seconds (Warm-up)
#                0.023 seconds (Sampling)
#                0.045 seconds (Total)
# 
