t0 <- 0.0
T <- 10
u0 <- c(1.0, 1.0)
internal_var___u <- structure(c(2.6688898975728526, 6.928519242951576, 1.0022729180085133, 1.5226680657542777, 5.921904899443238, 1.5460803131779264, 0.9937625535313392, 4.513387330058951, 4.026027284047414, 0.900277802745309, -0.22406105430701995, 1.6513228401015712, 1.9015127698637853, 0.6781277230724778, 1.2338176217027392, 3.3746199103258734, 1.012317775344946, 0.15532290011028674, 4.7046266503168805, 1.4225102905349303), .Dim = c(10, 2))
ts <- c(1.0, 2.0, 3.0, 4.0, 5.0, 6.0, 7.0, 8.0, 9.0, 10.0)
