y_init <- c(30.0, 4.0)
N <- 20
ts <- c(1, 2, 3, 4, 5, 6, 7, 8, 9, 10, 11, 12, 13, 14, 15, 16, 17, 18, 19, 20)
y <- structure(c(46.87279715321776, 68.25893671884324, 76.02634484546347, 41.35255000382644, 16.042078472772175, 9.41826505306129, 9.393090949237976, 12.232713756430039, 17.74446799743146, 26.384900474337865, 41.18596100159169, 62.28581018922617, 77.54599627635197, 53.394875121611946, 20.761697905891296, 11.138228422859148, 9.411528774030424, 10.90729062303011, 16.032003439204075, 23.560008667212216, 5.226440877270223, 8.536725708847145, 26.518379955851863, 54.78476892885341, 46.386550958811924, 27.131915744024315, 14.72265616278803, 8.699221495489036, 5.440132241659768, 4.416851249634187, 4.44033270713139, 7.081974304528173, 18.830141997915394, 49.36755639016079, 51.324611069544765, 32.99216559789819, 17.411452952875266, 9.934170343152843, 6.612524610889953, 3.7430952299599722), .Dim = c(20, 2))
